76 129
22 130
84 201
130 78
62 73
46 200
180 15
157 12
192 195
187 134
183 49
29 38
125 62
154 112
89 82
13 182
115 39
57 30
134 96
185 123
125 198
68 97
207 187
200 5
172 175
118 100
118 40
190 1
119 58
36 43
41 106
171 64
63 3
164 29
173 157
185 156
109 66
49 130
74 102
109 164
108 111
77 105
167 154
208 87
162 186
18 130
118 17
94 14
46 153
40 108
121 80
140 145
203 85
36 44
138 111
140 54
99 88
55 18
128 77
129 132
112 6
154 158
207 184
109 96
161 133
181 2
10 20
187 105
61 23
174 65
157 59
186 26
6 0
167 70
144 19
30 31
194 120
144 42
30 8
123 188
126 159
87 136
93 20
115 150
27 109
197 188
147 14
49 56
90 34
148 186
103 179
139 196
64 168
176 155
2 95
60 113
101 139
53 5
35 117
84 50
89 2
45 53
65 136
113 179
80 125
106 40
59 178
52 122
119 130
147 112
116 21
42 176
156 75
162 56
158 119
181 38
87 39
114 102
79 192
21 141
13 118
194 197
44 74
10 65
59 203
56 63
87 23
96 145
103 20
65 114
54 190
195 73
42 141
77 153
158 158
42 99
88 158
86 169
141 49
16 69
4 82
101 170
75 191
162 14
55 99
204 69
10 157
118 66
8 142
6 131
31 11
95 157
154 113
7 26
78 197
176 122
50 160
116 151
22 23
61 40
30 106
2 110
84 19
155 164
4 143
22 95
93 5
61 134
206 189
17 40
45 78
130 178
6 94
0 69
66 77
50 4
116 42
119 22
183 154
131 68
203 78
160 198
87 83
104 88
147 90
34 47
72 92
144 117
134 47
76 39
33 138
205 15
106 146
8 28
200 129
167 55
6 56
35 22
99 94
155 126
79 88
194 59
182 9
163 200
125 128
64 72
26 158
66 42
32 133
25 109
113 170
179 23
147 179
51 169
181 76
191 81
156 28
40 181
46 143
67 53
171 191
53 10
0 116
174 91
5 91
180 14
38 51
46 196
66 39
204 59
58 60
209 177
28 23
209 178
80 103
159 52
99 69
124 21
143 100
201 169
27 199
100 105
42 88
17 66
97 140
158 98
114 113
156 142
29 12
171 11
5 6
29 159
128 90
11 56
166 197
62 166
23 119
3 195
208 90
200 152
163 41
61 101
37 185
131 142
115 202
35 199
56 192
91 4
140 107
68 145
160 193
22 2
80 157
190 200
73 72
157 109
126 49
197 165
159 84
153 19
34 111
203 94
130 199
108 82
69 194
94 93
104 177
119 200
29 195
209 187
82 13
65 127
74 92
100 124
47 105
127 91
20 83
38 62
97 166
172 7
59 68
102 118
23 21
102 61
99 51
19 37
142 0
184 128
3 118
177 29
16 134
26 168
150 175
157 189
123 192
153 107
174 81
92 188
82 72
136 147
73 169
155 183
86 17
200 82
153 160
60 63
106 52
68 69
195 24
76 27
198 183
195 132
44 11
16 103
48 165
52 154
177 87
75 143
178 37
118 138
13 152
117 3
36 41
121 17
10 159
54 201
144 13
208 69
195 123
54 111
64 170
173 28
180 176
188 100
191 186
43 8
169 153
207 103
158 90
127 52
52 149
196 48
100 137
204 184
181 96
197 43
48 97
147 1
151 81
75 126
65 4
95 90
205 74
91 187
95 140
208 92
58 173
24 183
80 109
205 147
36 30
5 203
89 120
90 14
202 89
70 165
90 130
46 127
17 139
176 131
17 20
86 86
66 150
142 36
197 166
116 188
135 202
144 27
62 86
144 196
201 145
186 51
91 112
203 193
52 166
136 181
24 72
23 142
22 145
93 8
118 121
91 89
138 174
11 28
181 166
9 99
5 176
96 10
164 150
82 68
113 14
98 191
57 172
143 53
207 110
162 13
53 91
171 71
89 170
22 71
0 67
51 46
90 76
17 196
171 47
145 148
64 20
26 159
120 122
173 192
195 145
70 143
209 32
119 163
17 154
86 138
122 36
170 197
21 160
107 94
138 31
124 201
133 26
12 196
170 129
50 193
208 202
181 98
173 70
10 187
154 171
26 45
198 174
113 130
45 5
127 58
145 192
2 194
20 129
102 72
138 39
138 141
105 94
128 40
20 81
18 111
55 171
71 4
0 0
146 61
75 25
103 140
84 57
128 175
203 123
177 106
16 88
106 110
114 164
127 153
75 167
12 83
174 40
176 120
62 31
160 133
78 131
94 50
142 46
83 96
145 38
73 130
24 180
47 122
14 3
154 99
138 107
152 127
185 157
34 12
116 171
24 5
95 73
98 178
183 198
194 167
181 159
123 109
102 14
44 196
93 107
3 174
30 178
150 110
28 62
170 121
177 23
137 111
110 157
166 187
84 125
56 0
73 28
158 102
202 42
177 21
122 152
152 191
24 98
49 109
162 174
171 80
181 72
10 102
11 23
154 21
133 68
95 60
56 178
136 30
207 124
164 82
151 139
104 10
108 22
118 109
117 161
14 56
170 130
77 147
111 184
171 164
122 67
186 109
179 50
109 53
98 116
56 22
46 163
204 50
176 201
120 178
204 107
66 146
53 81
113 165
140 1
139 182
70 49
129 37
63 106
8 202
88 26
132 151
129 38
82 110
50 6
204 133
58 29
78 202
95 31
11 125
166 148
152 119
145 182
40 98
174 140
41 130
118 116
160 105
43 1
21 67
167 102
92 110
15 75
56 38
37 109
123 30
108 95
32 114
126 77
139 108
81 34
136 153
11 74
196 135
204 200
41 163
72 58
109 153
118 190
83 128
53 185
138 68
77 81
84 181
188 109
48 182
62 196
205 34
200 138
131 71
50 100
191 117
77 172
65 156
101 108
133 11
1 39
4 174
147 190
11 143
29 19
84 69
136 130
147 61
36 126
184 144
121 14
18 177
22 87
23 26
22 75
138 71
23 104
9 74
32 122
92 140
27 196
16 163
147 195
155 117
181 189
15 52
29 31
173 153
130 97
9 164
93 27
86 140
106 145
91 65
68 175
17 171
36 122
58 107
118 48
57 97
10 162
28 119
191 192
60 100
203 179
101 68
110 87
20 192
151 83
63 184
79 203
89 5
121 18
67 132
106 153
103 94
17 8
161 158
166 16
176 127
174 176
100 116
136 163
70 193
65 118
75 139
41 131
163 182
123 166
4 54
153 55
184 176
141 140
23 81
127 140
174 183
159 39
23 112
145 13
31 89
68 193
95 1
62 187
104 134
14 47
86 90
76 91
90 29
129 93
194 54
149 92
177 13
112 161
130 43
16 175
34 160
100 61
60 54
16 203
185 127
72 136
74 29
17 175
208 110
100 141
206 192
7 138
32 164
73 118
178 67
148 79
48 136
168 40
175 190
53 177
100 126
76 152
193 97
94 39
41 180
44 91
62 92
126 157
122 160
60 72
173 188
181 35
114 38
91 156
200 12
140 165
162 179
26 191
57 186
76 165
27 104
102 185
169 39
201 192
193 64
119 154
206 122
51 163
93 2
52 195
173 196
163 74
194 161
70 202
49 11
23 122
18 7
68 128
58 30
192 147
119 19
180 178
31 187
45 121
88 174
111 93
187 60
18 85
86 148
110 172
31 93
16 165
58 104
128 149
147 89
105 51
142 40
73 123
50 59
118 150
62 168
140 7
18 157
115 91
90 6
43 169
43 2
196 177
51 108
82 24
204 151
121 203
120 177
56 176
200 123
56 170
143 103
108 91
165 191
72 59
156 155
145 186
18 44
46 84
32 87
132 99
189 83
208 74
181 194
46 168
127 163
172 173
113 126
19 51
64 76
75 103
195 75
107 179
15 175
150 1
93 190
22 1
161 10
190 61
166 146
1 170
30 192
186 167
191 113
138 89
12 111
190 151
125 110
177 102
140 29
181 101
36 152
162 173
182 81
16 62
106 108
141 14
130 172
147 114
131 83
86 131
8 184
104 175
28 57
88 34
141 33
173 108
139 191
134 89
148 195
187 124
27 188
35 89
156 21
78 21
39 101
84 30
134 66
95 67
181 27
200 197
3 172
52 109
123 115
47 135
95 13
71 162
83 1
68 59
207 47
5 75
149 141
139 65
209 153
29 142
186 97
24 201
176 139
104 114
154 169
72 161
1 105
190 177
98 179
130 181
197 106
138 17
73 147
6 58
56 113
24 10
143 63
38 54
0 201
42 9
138 7
26 127
146 159
179 202
25 124
122 99
18 68
79 194
116 87
94 167
194 52
90 92
92 71
137 148
77 152
192 125
69 6
79 49
164 37
113 56
149 135
39 93
27 13
48 63
22 69
194 192
144 178
45 165
62 33
69 138
121 55
146 66
176 50
140 106
66 100
176 136
207 58
41 139
150 35
35 71
178 115
98 80
204 63
183 30
70 134
103 185
205 88
207 203
174 178
14 163
67 140
190 87
183 128
149 128
161 77
133 96
93 21
44 136
53 128
8 86
122 86
133 79
103 167
189 14
202 140
39 30
197 58
161 29
44 48
62 203
74 58
133 113
186 9
65 166
160 181
199 172
161 122
158 181
203 132
47 90
102 194
208 185
20 132
187 198
107 30
38 81
191 24
56 83
98 138
124 46
119 51
18 50
45 82
0 148
49 199
121 81
200 122
166 161
123 138
204 64
104 14
117 88
86 98
56 93
50 200
62 144
140 153
58 50
162 58
127 84
72 62
107 162
19 6
174 67
168 50
201 168
116 35
191 74
59 31
31 95
98 114
185 54
203 5
79 18
38 39
35 136
39 22
36 45
110 151
28 183
83 43
200 80
189 112
5 137
140 140
188 36
204 115
202 11
54 123
171 122
123 58
70 12
120 102
99 7
189 137
7 120
37 48
8 160
184 190
176 11
145 85
182 47
199 119
128 72
131 147
126 126
73 75
27 33
42 139
62 125
21 98
36 34
171 51
188 76
80 66
26 122
168 193
81 62
103 18
149 188
196 150
171 155
152 175
196 11
199 87
16 117
184 41
167 99
177 34
22 152
11 66
29 27
98 17
8 12
18 77
28 46
88 87
104 104
88 171
80 195
60 75
169 127
121 95
71 89
21 106
163 179
85 192
148 179
41 59
24 121
193 161
59 103
155 46
66 93
6 52
120 1
48 95
22 107
17 5
100 161
105 163
117 8
91 72
75 178
72 107
165 60
119 23
111 98
146 158
168 18
3 46
182 200
59 82
96 25
61 166
160 77
179 33
150 159
198 166
203 69
132 130
135 38
129 100
209 50
134 29
105 95
193 0
142 52
102 179
47 161
90 20
185 59
195 58
209 120
33 200
40 100
127 36
168 119
73 38
52 110
76 36
70 197
146 110
24 73
124 191
102 62
177 45
73 25
118 52
127 122
94 201
96 163
10 96
91 13
147 167
139 32
6 85
207 16
61 66
184 86
66 187
187 8
174 146
164 48
56 117
69 167
145 123
26 154
202 107
16 127
4 167
116 174
117 31
62 94
157 17
101 130
54 157
147 15
119 147
149 73
21 123
165 36
71 130
124 114
153 170
186 68
83 7
119 56
39 153
179 77
114 12
202 26
76 127
146 190
13 6
78 157
80 81
185 89
80 91
104 164
158 198
155 168
39 75
197 192
172 9
75 82
67 135
6 136
207 23
26 202
202 27
93 115
40 18
106 142
139 90
29 136
35 158
122 23
85 61
80 131
97 170
41 142
157 202
9 55
91 70
2 82
110 78
204 95
50 54
0 7
134 102
135 173
128 65
93 66
186 11
158 178
196 145
86 6
173 14
23 32
47 93
118 123
97 136
169 30
63 190
128 32
98 102
136 4
115 124
53 104
170 160
156 2
55 180
89 192
119 142
131 75
87 160
80 22
92 78
126 174
189 189
80 12
199 109
167 114
162 153
109 178
3 43
156 168
188 54
123 1
61 176
73 192
27 175
143 13
178 189
23 156
99 97
195 91
157 84
70 187
177 38
50 94
15 92
95 141
30 195
75 171
174 44
179 94
107 64
29 152
116 138
179 42
66 96
16 57
143 98
145 184
71 63
108 203
127 61
143 186
31 72
57 36
18 122
197 23
180 4
131 40
88 192
13 170
38 56
80 31
79 82
28 170
128 115
74 49
72 203
179 196
132 94
157 92
189 84
147 153
161 130
192 101
206 171
127 31
192 189
91 180
5 66
92 196
204 171
191 75
105 24
197 111
141 89
91 21
41 9
91 84
132 131
202 148
120 66
93 123
125 89
139 141
110 136
49 93
118 86
46 145
132 11
32 101
25 53
132 2
83 110
51 62
43 124
204 61
179 154
73 62
117 39
59 144
24 93
131 0
111 169
186 180
151 74
16 157
208 135
186 46
38 116
141 129
164 159
95 32
76 125
191 30
198 146
83 59
161 62
103 173
34 179
65 113
148 58
44 187
113 106
111 199
137 144
171 19
24 23
65 63
1 64
52 78
12 150
22 68
169 195
181 130
3 89
147 135
161 72
4 30
174 119
117 43
35 196
74 150
111 182
85 32
186 157
112 164
73 36
161 189
24 149
181 198
52 93
127 178
80 163
73 21
131 168
4 22
42 193
127 77
65 182
39 28
55 7
155 130
27 40
111 153
25 20
184 105
52 44
88 143
105 71
4 181
166 52
130 176
86 171
40 157
73 196
