0 13
1 175
2 19
2 37
2 48
2 60
2 71
2 81
2 83
2 143
2 175
3 6
3 21
3 147
3 151
3 178
5 1
6 3
6 77
6 107
6 163
6 165
6 166
6 190
6 192
6 204
6 205
7 3
7 46
7 52
7 77
7 107
7 115
7 116
7 117
7 118
7 121
7 163
7 165
7 166
7 167
7 188
7 190
7 191
7 192
7 204
7 205
8 3
8 46
8 52
8 107
8 163
8 165
8 166
8 167
8 188
8 190
8 192
8 204
8 205
9 3
9 46
9 52
9 77
9 107
9 163
9 165
9 166
9 167
9 190
9 192
9 204
9 205
10 3
10 77
10 163
10 165
10 166
10 167
10 190
10 192
10 204
10 205
11 3
11 77
11 107
11 163
11 165
11 167
11 190
11 192
11 204
11 205
12 107
13 46
13 52
13 73
13 107
13 130
13 131
13 132
13 188
14 107
15 46
15 52
15 107
15 188
16 19
16 56
16 106
16 120
16 136
16 191
16 194
17 2
17 106
17 194
18 199
19 13
19 175
20 85
20 99
20 100
20 157
21 85
21 99
21 100
21 157
23 13
23 175
24 13
25 5
25 12
25 17
25 18
25 22
25 42
25 46
25 54
25 57
25 60
25 62
25 63
25 64
25 65
25 66
25 67
25 68
25 101
25 102
25 103
25 106
25 133
25 139
25 167
25 170
25 179
25 186
25 200
25 208
26 5
26 12
26 17
26 18
26 46
26 54
26 63
26 65
26 66
26 67
26 68
26 106
26 167
26 170
26 179
26 207
27 5
27 12
27 17
27 18
27 46
27 54
27 63
27 65
27 67
27 68
27 167
27 170
27 179
27 207
28 5
28 12
28 17
28 18
28 46
28 54
28 63
28 65
28 66
28 67
28 68
28 106
28 167
28 179
28 207
29 5
29 12
29 18
29 46
29 54
29 63
29 65
29 66
29 67
29 68
29 106
29 167
29 170
29 179
29 207
30 5
30 12
30 17
30 18
30 54
30 63
30 65
30 66
30 67
30 68
30 106
30 167
30 179
30 207
31 5
31 12
31 17
31 46
31 54
31 63
31 65
31 66
31 67
32 5
32 12
32 17
32 46
32 54
32 63
32 65
32 66
32 67
32 68
33 5
33 12
33 17
33 46
33 54
33 63
33 65
33 66
33 67
33 68
34 5
34 17
34 46
34 54
34 63
34 65
34 66
34 67
34 68
35 5
35 12
35 17
35 54
35 63
35 65
35 66
35 67
35 68
36 5
36 12
36 17
36 46
36 54
36 63
36 65
36 66
36 67
36 68
37 5
37 12
37 46
37 54
37 63
37 65
37 66
37 67
37 68
38 5
38 12
38 46
38 54
38 65
38 66
38 67
38 68
39 54
39 67
40 13
40 175
41 13
41 175
42 37
42 60
42 71
42 81
42 83
42 143
42 175
43 13
43 175
44 13
44 90
44 173
44 175
45 13
45 175
46 56
46 60
46 61
46 62
46 63
46 65
46 67
46 157
47 12
47 56
47 65
47 67
47 157
48 12
48 56
48 65
48 67
49 11
49 39
49 49
49 85
49 99
49 100
49 107
49 157
50 13
50 61
50 62
50 63
50 64
50 65
50 120
51 13
51 120
51 140
52 13
52 120
53 13
53 120
54 120
55 57
55 120
55 181
57 120
57 181
58 120
59 120
60 2
60 106
60 194
61 2
61 106
61 194
62 2
62 106
62 194
63 2
63 106
63 194
64 2
64 106
65 11
65 39
65 40
65 49
65 72
65 85
65 99
65 100
65 107
65 188
65 198
66 19
66 37
66 48
66 60
66 71
66 81
66 175
67 19
67 37
67 48
67 60
67 71
67 81
67 83
67 143
67 175
68 13
68 62
68 63
68 64
68 65
68 87
68 175
68 193
69 13
69 87
69 175
69 193
70 13
70 79
70 82
70 172
70 175
70 193
71 80
71 173
71 175
72 13
72 79
72 87
72 89
72 90
72 146
72 173
72 193
73 13
73 175
74 13
74 82
74 90
74 173
74 175
75 13
75 26
75 82
75 175
76 175
77 13
77 79
77 87
77 175
77 193
78 13
78 82
78 175
79 13
79 175
80 13
81 13
81 175
82 175
83 13
83 146
83 175
83 204
84 13
84 24
84 175
85 13
85 175
86 13
86 175
87 13
87 90
87 173
87 175
88 8
88 10
88 13
88 26
88 51
88 91
88 92
88 161
88 180
89 4
89 13
89 20
89 21
89 32
89 33
89 36
89 74
89 75
89 135
89 175
90 175
91 13
91 175
92 13
93 13
93 175
94 13
94 16
94 31
94 82
94 123
94 128
94 146
96 13
96 175
97 13
97 175
98 20
98 32
98 92
98 153
98 155
99 13
99 175
100 13
101 13
101 175
103 13
103 92
103 175
104 90
104 91
104 173
105 13
105 50
105 60
105 95
105 96
105 97
105 98
105 140
105 175
106 175
107 13
107 16
107 128
107 148
107 167
107 175
108 13
108 16
108 125
108 128
108 145
108 167
108 168
108 175
108 196
109 13
109 16
109 44
109 125
109 127
109 128
109 164
109 175
109 187
109 196
110 6
110 13
110 26
110 60
110 147
110 175
110 178
110 189
111 13
111 24
111 129
111 175
111 185
112 175
113 13
113 175
114 13
114 175
115 13
116 13
116 175
117 93
118 93
119 53
120 53
121 53
123 53
124 13
124 175
125 13
125 175
126 9
126 14
126 19
126 48
126 58
126 69
126 93
126 175
127 19
127 37
127 48
127 60
127 71
127 81
127 83
127 93
127 143
127 175
128 13
128 90
128 173
128 175
129 19
129 37
129 48
129 60
129 71
129 81
129 83
129 143
129 175
130 9
130 14
130 19
130 48
130 58
130 69
130 93
130 175
131 3
131 46
131 52
131 77
131 107
131 163
131 165
131 166
131 167
131 188
131 190
131 204
131 205
132 19
132 37
132 48
132 60
132 71
132 81
132 83
132 143
132 175
133 9
133 19
133 48
133 58
133 69
133 120
134 17
134 46
134 54
134 63
134 66
134 67
134 68
135 13
135 175
136 60
136 175
137 60
138 3
138 46
138 77
138 107
138 163
138 165
138 166
138 167
138 188
138 190
138 192
138 204
138 205
140 13
140 175
141 19
141 37
141 48
141 60
141 71
141 81
141 175
142 13
142 175
143 19
143 37
143 48
143 53
143 71
143 81
143 83
143 113
143 141
143 143
143 144
143 147
143 151
143 174
143 175
143 178
144 6
144 19
144 37
144 48
144 53
144 71
144 83
144 113
144 141
144 143
144 144
144 147
144 151
144 175
144 178
145 6
145 19
145 48
145 53
145 71
145 81
145 83
145 113
145 141
145 143
145 144
145 147
145 151
145 175
145 178
146 27
146 28
146 43
146 47
146 57
146 58
146 87
146 88
146 89
146 90
146 105
146 110
146 111
146 112
146 113
146 114
146 138
146 142
146 146
146 158
146 159
146 160
146 162
146 173
146 195
146 197
147 9
147 14
147 19
147 48
147 58
147 69
147 120
147 175
148 27
148 28
148 87
148 88
148 89
148 110
148 111
148 112
148 113
148 114
148 138
148 142
148 146
148 158
148 160
148 162
149 9
149 14
149 19
149 27
149 28
149 43
149 48
149 58
149 69
149 87
149 88
149 90
149 108
149 110
149 111
149 112
149 113
149 114
149 120
149 138
149 142
149 158
149 159
149 160
149 162
149 173
149 175
149 197
150 9
150 14
150 19
150 27
150 28
150 43
150 48
150 58
150 69
150 87
150 88
150 89
150 90
150 108
150 110
150 111
150 112
150 113
150 114
150 120
150 138
150 142
150 158
150 159
150 160
150 162
150 173
150 175
150 195
150 197
151 9
151 14
151 19
151 48
151 58
151 69
151 120
151 175
152 1
152 9
152 14
152 19
152 27
152 48
152 55
152 70
152 87
152 89
152 90
152 104
152 108
152 109
152 110
152 111
152 112
152 114
152 120
152 138
152 142
152 158
152 160
152 162
152 173
152 175
152 195
152 197
152 209
153 9
153 14
153 19
153 48
153 58
153 120
153 175
154 27
154 28
154 43
154 87
154 88
154 89
154 90
154 108
154 110
154 111
154 112
154 113
154 114
154 138
154 142
154 146
154 158
154 159
154 162
154 173
154 195
154 197
155 27
155 28
155 43
155 87
155 89
155 90
155 108
155 110
155 111
155 112
155 113
155 114
155 138
155 146
155 158
155 159
155 160
155 162
155 173
155 195
155 197
156 1
156 14
156 19
156 28
156 48
156 69
156 108
156 109
156 110
156 111
156 112
156 113
156 114
156 120
156 138
156 142
156 146
156 152
156 158
156 162
156 175
156 197
157 9
157 14
157 19
157 48
157 58
157 69
157 93
157 175
158 9
158 14
158 19
158 48
158 58
158 69
158 93
158 120
158 175
159 9
159 19
159 58
159 69
159 93
159 120
160 9
160 14
160 19
160 48
160 58
160 69
160 93
160 120
160 175
161 1
162 1
162 7
162 30
162 35
162 76
162 150
162 169
162 182
162 201
163 1
163 30
163 201
164 1
164 7
164 35
164 176
164 177
164 191
165 0
166 13
166 21
166 33
166 154
167 93
168 15
168 37
168 48
168 60
168 78
168 80
168 81
168 83
168 143
168 184
168 202
169 19
169 37
169 48
169 60
169 71
169 83
169 143
169 175
170 15
170 19
170 25
170 37
170 48
170 60
170 71
170 78
170 79
170 80
170 81
170 82
170 83
170 92
170 134
170 143
170 156
170 175
170 184
170 193
171 15
171 19
171 25
171 37
171 48
171 60
171 71
171 78
171 80
171 81
171 83
171 143
171 175
171 184
172 19
172 37
172 48
172 71
172 81
172 83
172 143
172 175
172 202
173 19
173 25
173 37
173 38
173 48
173 60
173 71
173 78
173 79
173 80
173 81
173 83
173 175
173 184
173 193
174 15
174 19
174 25
174 37
174 60
174 71
174 78
174 79
174 80
174 81
174 82
174 83
174 143
174 175
174 184
174 193
175 19
175 25
175 37
175 60
175 71
175 81
175 83
175 92
175 134
175 143
175 175
176 19
176 37
176 48
176 60
176 71
176 81
176 92
176 175
177 19
177 25
177 37
177 38
177 48
177 60
177 81
177 83
177 143
177 175
178 37
178 48
178 60
178 71
178 81
178 83
178 143
178 175
179 19
179 37
179 48
179 71
179 81
179 83
179 143
179 175
180 19
180 25
180 37
180 38
180 48
180 60
180 71
180 83
180 92
180 134
180 175
181 13
181 175
182 157
183 13
183 92
183 175
184 13
184 90
184 173
184 175
185 13
185 175
186 13
186 28
186 89
186 90
186 108
186 110
186 111
186 112
186 113
186 138
186 142
186 146
186 158
186 173
186 175
186 197
187 19
187 25
187 37
187 45
187 48
187 58
187 59
187 60
187 71
187 81
187 83
187 143
187 175
187 183
187 202
188 19
188 25
188 37
188 48
188 58
188 59
188 60
188 71
188 81
188 83
188 93
188 143
188 175
188 183
188 202
189 19
189 25
189 34
189 37
189 48
189 58
189 59
189 71
189 81
189 83
189 93
189 105
189 143
189 175
189 183
189 202
190 3
190 46
190 52
190 77
190 163
190 165
190 166
190 167
190 188
190 190
190 192
190 204
190 205
191 13
191 175
192 37
192 48
192 60
192 81
192 83
192 143
192 175
193 13
193 92
193 175
194 53
195 13
195 84
195 175
196 11
196 39
196 49
196 85
196 99
196 100
196 107
196 157
197 19
197 37
197 48
197 71
197 81
197 83
197 143
197 175
198 13
198 175
199 9
199 14
199 19
199 48
199 58
199 69
199 93
199 120
199 175
200 13
200 171
200 172
200 175
200 205
201 19
201 37
201 38
201 48
201 71
201 81
201 83
201 143
201 175
202 13
202 90
202 92
202 173
202 175
203 13
203 175
