1.609000000000000000e+04
1.784200000000000000e+04
2.737900000000000000e+04
1.309400000000000000e+04
9.861000000000000000e+03
3.781600000000000000e+04
3.298300000000000000e+04
4.051600000000000000e+04
3.940500000000000000e+04
3.848000000000000000e+04
6.129000000000000000e+03
2.631300000000000000e+04
1.877300000000000000e+04
2.913000000000000000e+03
2.419000000000000000e+04
1.200100000000000000e+04
1.518600000000000000e+04
3.897400000000000000e+04
2.644900000000000000e+04
1.437800000000000000e+04
3.947100000000000000e+04
1.223000000000000000e+03
3.686900000000000000e+04
8.591000000000000000e+03
3.300000000000000000e+02
1.221700000000000000e+04
9.072000000000000000e+03
2.243200000000000000e+04
1.350400000000000000e+04
7.950000000000000000e+02
6.264000000000000000e+03
3.315600000000000000e+04
1.391000000000000000e+04
2.737500000000000000e+04
2.153000000000000000e+04
3.454900000000000000e+04
2.338800000000000000e+04
2.221800000000000000e+04
3.254900000000000000e+04
1.843300000000000000e+04
3.907900000000000000e+04
2.741900000000000000e+04
3.665000000000000000e+03
2.987000000000000000e+03
3.217100000000000000e+04
2.280200000000000000e+04
1.694100000000000000e+04
3.065400000000000000e+04
1.788700000000000000e+04
9.379000000000000000e+03
1.144000000000000000e+04
1.853600000000000000e+04
3.909000000000000000e+03
1.630000000000000000e+04
2.783300000000000000e+04
1.415000000000000000e+03
3.338800000000000000e+04
3.875000000000000000e+04
2.032200000000000000e+04
2.811200000000000000e+04
4.310000000000000000e+02
4.388000000000000000e+03
2.211200000000000000e+04
5.005000000000000000e+03
1.370500000000000000e+04
7.508000000000000000e+03
1.257700000000000000e+04
5.467000000000000000e+03
1.680000000000000000e+02
1.484500000000000000e+04
4.021000000000000000e+03
6.705000000000000000e+03
2.534500000000000000e+04
8.851000000000000000e+03
1.804000000000000000e+03
3.960700000000000000e+04
3.347800000000000000e+04
2.865400000000000000e+04
4.316000000000000000e+03
2.308800000000000000e+04
3.962800000000000000e+04
2.990000000000000000e+03
1.185100000000000000e+04
7.289000000000000000e+03
3.916400000000000000e+04
3.773000000000000000e+04
4.122500000000000000e+04
3.545700000000000000e+04
2.001100000000000000e+04
2.383200000000000000e+04
2.924400000000000000e+04
1.086000000000000000e+03
2.465500000000000000e+04
1.059000000000000000e+04
4.660000000000000000e+02
1.119600000000000000e+04
2.859800000000000000e+04
3.539400000000000000e+04
3.767100000000000000e+04
2.635700000000000000e+04
8.460000000000000000e+03
3.743300000000000000e+04
2.574000000000000000e+04
2.744800000000000000e+04
2.363700000000000000e+04
4.453000000000000000e+03
3.711700000000000000e+04
1.591300000000000000e+04
1.191900000000000000e+04
2.517200000000000000e+04
8.068000000000000000e+03
8.305000000000000000e+03
2.150000000000000000e+04
4.034200000000000000e+04
2.962400000000000000e+04
2.489400000000000000e+04
3.925500000000000000e+04
4.141500000000000000e+04
1.555100000000000000e+04
1.371000000000000000e+04
4.268700000000000000e+04
1.331800000000000000e+04
4.927000000000000000e+03
3.055400000000000000e+04
4.266000000000000000e+03
2.399500000000000000e+04
4.009600000000000000e+04
1.537300000000000000e+04
3.214100000000000000e+04
1.863900000000000000e+04
3.322300000000000000e+04
3.326700000000000000e+04
3.563200000000000000e+04
1.030700000000000000e+04
1.449500000000000000e+04
1.732200000000000000e+04
4.027300000000000000e+04
2.996000000000000000e+03
2.099500000000000000e+04
1.450100000000000000e+04
3.308900000000000000e+04
2.982700000000000000e+04
2.754200000000000000e+04
2.406000000000000000e+03
3.312500000000000000e+04
2.373800000000000000e+04
5.539000000000000000e+03
4.154700000000000000e+04
2.567100000000000000e+04
3.371700000000000000e+04
3.173300000000000000e+04
4.892000000000000000e+03
8.431000000000000000e+03
2.226300000000000000e+04
2.318500000000000000e+04
4.146000000000000000e+03
3.444500000000000000e+04
3.005300000000000000e+04
2.004400000000000000e+04
2.834700000000000000e+04
3.970800000000000000e+04
8.446000000000000000e+03
1.651100000000000000e+04
3.738700000000000000e+04
1.974100000000000000e+04
1.455400000000000000e+04
1.622100000000000000e+04
9.570000000000000000e+02
8.940000000000000000e+03
4.804000000000000000e+03
3.247200000000000000e+04
1.448400000000000000e+04
1.654100000000000000e+04
4.166800000000000000e+04
1.753500000000000000e+04
1.862800000000000000e+04
1.893500000000000000e+04
9.943000000000000000e+03
1.946500000000000000e+04
2.470500000000000000e+04
9.947000000000000000e+03
8.224000000000000000e+03
3.257000000000000000e+03
3.066900000000000000e+04
2.725800000000000000e+04
1.155700000000000000e+04
4.720000000000000000e+03
1.989600000000000000e+04
2.654000000000000000e+04
1.864400000000000000e+04
1.875000000000000000e+03
1.257300000000000000e+04
4.212600000000000000e+04
2.694500000000000000e+04
1.514700000000000000e+04
3.324700000000000000e+04
8.853000000000000000e+03
2.795600000000000000e+04
2.300400000000000000e+04
3.588000000000000000e+04
4.978000000000000000e+03
3.764200000000000000e+04
3.567200000000000000e+04
1.716700000000000000e+04
5.921000000000000000e+03
3.805700000000000000e+04
3.009800000000000000e+04
4.016400000000000000e+04
2.101000000000000000e+03
2.453500000000000000e+04
1.918200000000000000e+04
4.221600000000000000e+04
1.929100000000000000e+04
2.979000000000000000e+03
1.075700000000000000e+04
4.122700000000000000e+04
8.395000000000000000e+03
1.244900000000000000e+04
1.281000000000000000e+04
3.719900000000000000e+04
5.040000000000000000e+03
3.746100000000000000e+04
2.179000000000000000e+04
1.102000000000000000e+04
4.554000000000000000e+03
2.120200000000000000e+04
3.551800000000000000e+04
4.189100000000000000e+04
2.209300000000000000e+04
1.849800000000000000e+04
1.395800000000000000e+04
2.955900000000000000e+04
2.388700000000000000e+04
2.985000000000000000e+04
2.692000000000000000e+03
2.316000000000000000e+03
1.290000000000000000e+03
3.351900000000000000e+04
1.894900000000000000e+04
3.592200000000000000e+04
1.192700000000000000e+04
4.143300000000000000e+04
3.488400000000000000e+04
4.111800000000000000e+04
2.771900000000000000e+04
1.910100000000000000e+04
3.208400000000000000e+04
8.672000000000000000e+03
2.124800000000000000e+04
3.898200000000000000e+04
2.993600000000000000e+04
4.245600000000000000e+04
4.184700000000000000e+04
4.041200000000000000e+04
9.810000000000000000e+02
2.253900000000000000e+04
3.061100000000000000e+04
4.055300000000000000e+04
5.010000000000000000e+02
3.316100000000000000e+04
4.207400000000000000e+04
1.527800000000000000e+04
1.048800000000000000e+04
3.481000000000000000e+04
4.025000000000000000e+03
2.351400000000000000e+04
1.987100000000000000e+04
4.189900000000000000e+04
1.729000000000000000e+04
4.083500000000000000e+04
1.963500000000000000e+04
3.729000000000000000e+04
4.203000000000000000e+04
4.116000000000000000e+04
3.935300000000000000e+04
2.674500000000000000e+04
1.942100000000000000e+04
2.608800000000000000e+04
2.217800000000000000e+04
1.913100000000000000e+04
1.746900000000000000e+04
1.311800000000000000e+04
3.503300000000000000e+04
1.530000000000000000e+03
1.438300000000000000e+04
2.480400000000000000e+04
4.513000000000000000e+03
1.291000000000000000e+04
1.073000000000000000e+04
7.913000000000000000e+03
1.850000000000000000e+02
2.688400000000000000e+04
2.495800000000000000e+04
2.816700000000000000e+04
3.543100000000000000e+04
3.690800000000000000e+04
3.981400000000000000e+04
4.047400000000000000e+04
2.264500000000000000e+04
1.710300000000000000e+04
3.956300000000000000e+04
1.525700000000000000e+04
3.564600000000000000e+04
3.851700000000000000e+04
1.737400000000000000e+04
3.366100000000000000e+04
1.098900000000000000e+04
1.468600000000000000e+04
5.869000000000000000e+03
3.862600000000000000e+04
2.776500000000000000e+04
2.327000000000000000e+03
2.167900000000000000e+04
3.470300000000000000e+04
1.834600000000000000e+04
2.899400000000000000e+04
3.203800000000000000e+04
6.670000000000000000e+02
8.732000000000000000e+03
3.581000000000000000e+03
3.344500000000000000e+04
4.235500000000000000e+04
2.939000000000000000e+03
2.588500000000000000e+04
2.337500000000000000e+04
6.061000000000000000e+03
3.714900000000000000e+04
2.119200000000000000e+04
3.910400000000000000e+04
3.233800000000000000e+04
2.178900000000000000e+04
1.902800000000000000e+04
1.097300000000000000e+04
3.135300000000000000e+04
1.018100000000000000e+04
2.897500000000000000e+04
3.882200000000000000e+04
2.035800000000000000e+04
9.079000000000000000e+03
2.051800000000000000e+04
3.620000000000000000e+02
1.702000000000000000e+04
3.346600000000000000e+04
2.652600000000000000e+04
9.360000000000000000e+02
1.910600000000000000e+04
1.563200000000000000e+04
3.936600000000000000e+04
2.960900000000000000e+04
1.937900000000000000e+04
3.635500000000000000e+04
3.851100000000000000e+04
2.309600000000000000e+04
3.090700000000000000e+04
4.272000000000000000e+04
3.143000000000000000e+03
1.876100000000000000e+04
3.474100000000000000e+04
2.734700000000000000e+04
2.668800000000000000e+04
2.936700000000000000e+04
2.752800000000000000e+04
4.287000000000000000e+03
1.098700000000000000e+04
7.758000000000000000e+03
3.497700000000000000e+04
3.961600000000000000e+04
4.256500000000000000e+04
5.733000000000000000e+03
1.820500000000000000e+04
4.136200000000000000e+04
3.063700000000000000e+04
2.366900000000000000e+04
2.267400000000000000e+04
4.058300000000000000e+04
3.184700000000000000e+04
1.514400000000000000e+04
2.984300000000000000e+04
3.054400000000000000e+04
1.799000000000000000e+03
2.550200000000000000e+04
1.882900000000000000e+04
3.655200000000000000e+04
6.062000000000000000e+03
3.487000000000000000e+04
2.079600000000000000e+04
3.705700000000000000e+04
2.265000000000000000e+03
3.158300000000000000e+04
1.439400000000000000e+04
4.016800000000000000e+04
1.133800000000000000e+04
2.326300000000000000e+04
2.784000000000000000e+03
1.928200000000000000e+04
1.500000000000000000e+04
3.572300000000000000e+04
1.491100000000000000e+04
1.412200000000000000e+04
1.597800000000000000e+04
4.133200000000000000e+04
1.001600000000000000e+04
3.114500000000000000e+04
4.227000000000000000e+03
2.574100000000000000e+04
3.104400000000000000e+04
3.316600000000000000e+04
6.840000000000000000e+03
3.424800000000000000e+04
3.242700000000000000e+04
2.910300000000000000e+04
7.731000000000000000e+03
4.139200000000000000e+04
3.370800000000000000e+04
1.987900000000000000e+04
6.635000000000000000e+03
4.234400000000000000e+04
4.133100000000000000e+04
4.073900000000000000e+04
4.260200000000000000e+04
2.075400000000000000e+04
1.471100000000000000e+04
1.625000000000000000e+03
3.593700000000000000e+04
9.649000000000000000e+03
3.665400000000000000e+04
1.178000000000000000e+03
1.232600000000000000e+04
4.032300000000000000e+04
4.076100000000000000e+04
2.719300000000000000e+04
1.525900000000000000e+04
2.971600000000000000e+04
8.421000000000000000e+03
1.702900000000000000e+04
8.970000000000000000e+02
1.554100000000000000e+04
1.470000000000000000e+02
1.288600000000000000e+04
1.209900000000000000e+04
3.695400000000000000e+04
2.600800000000000000e+04
2.227700000000000000e+04
1.858700000000000000e+04
2.321500000000000000e+04
3.220600000000000000e+04
3.508300000000000000e+04
1.760500000000000000e+04
8.577000000000000000e+03
2.531000000000000000e+04
2.800900000000000000e+04
2.760500000000000000e+04
1.064300000000000000e+04
9.744000000000000000e+03
2.030600000000000000e+04
8.054000000000000000e+03
2.732500000000000000e+04
2.563500000000000000e+04
7.850000000000000000e+02
2.092900000000000000e+04
2.262300000000000000e+04
2.685600000000000000e+04
3.300500000000000000e+04
2.637000000000000000e+03
3.593500000000000000e+04
1.146000000000000000e+03
1.542900000000000000e+04
3.752800000000000000e+04
3.021400000000000000e+04
3.525200000000000000e+04
3.351400000000000000e+04
2.761300000000000000e+04
2.985000000000000000e+03
4.125400000000000000e+04
2.247400000000000000e+04
3.657100000000000000e+04
3.753100000000000000e+04
2.312900000000000000e+04
1.319100000000000000e+04
2.558800000000000000e+04
4.968000000000000000e+03
2.342100000000000000e+04
3.313700000000000000e+04
3.935500000000000000e+04
2.630700000000000000e+04
7.400000000000000000e+01
6.039000000000000000e+03
2.162300000000000000e+04
8.998000000000000000e+03
4.533000000000000000e+03
3.207300000000000000e+04
4.013500000000000000e+04
2.063000000000000000e+04
2.305300000000000000e+04
3.671200000000000000e+04
1.513100000000000000e+04
2.143200000000000000e+04
4.985000000000000000e+03
4.544000000000000000e+03
1.437600000000000000e+04
1.265700000000000000e+04
3.751700000000000000e+04
2.620500000000000000e+04
1.737200000000000000e+04
2.929500000000000000e+04
2.209000000000000000e+03
4.739000000000000000e+03
3.382500000000000000e+04
1.193100000000000000e+04
2.737800000000000000e+04
3.098200000000000000e+04
3.230200000000000000e+04
3.456300000000000000e+04
1.425700000000000000e+04
2.307000000000000000e+04
1.061000000000000000e+04
1.122900000000000000e+04
2.441700000000000000e+04
4.667000000000000000e+03
3.443500000000000000e+04
3.071400000000000000e+04
1.712400000000000000e+04
3.470900000000000000e+04
3.101100000000000000e+04
3.500000000000000000e+02
3.829100000000000000e+04
1.042000000000000000e+04
4.250900000000000000e+04
5.593000000000000000e+03
3.184000000000000000e+04
8.063000000000000000e+03
2.315100000000000000e+04
2.456500000000000000e+04
6.169000000000000000e+03
2.641700000000000000e+04
3.123300000000000000e+04
2.513600000000000000e+04
3.826100000000000000e+04
2.075500000000000000e+04
2.944200000000000000e+04
2.452100000000000000e+04
2.320000000000000000e+02
1.423800000000000000e+04
4.054600000000000000e+04
1.580700000000000000e+04
8.018000000000000000e+03
2.301400000000000000e+04
1.998300000000000000e+04
2.406700000000000000e+04
2.276200000000000000e+04
7.277000000000000000e+03
3.214200000000000000e+04
1.573700000000000000e+04
2.855500000000000000e+04
4.204200000000000000e+04
3.430300000000000000e+04
1.229000000000000000e+04
3.581900000000000000e+04
2.693400000000000000e+04
3.898900000000000000e+04
1.435800000000000000e+04
1.709500000000000000e+04
3.819900000000000000e+04
2.293900000000000000e+04
4.136600000000000000e+04
7.341000000000000000e+03
2.911200000000000000e+04
1.496100000000000000e+04
3.618600000000000000e+04
2.281400000000000000e+04
2.454000000000000000e+03
8.195000000000000000e+03
3.668800000000000000e+04
3.991200000000000000e+04
3.006000000000000000e+04
4.075000000000000000e+03
1.462700000000000000e+04
1.284700000000000000e+04
2.664500000000000000e+04
3.036200000000000000e+04
3.719300000000000000e+04
1.829400000000000000e+04
5.483000000000000000e+03
1.588900000000000000e+04
1.493400000000000000e+04
2.185000000000000000e+04
1.557300000000000000e+04
2.571300000000000000e+04
4.117700000000000000e+04
3.437800000000000000e+04
4.110600000000000000e+04
2.475200000000000000e+04
3.970600000000000000e+04
1.095000000000000000e+04
3.226100000000000000e+04
2.038000000000000000e+04
3.452100000000000000e+04
3.600400000000000000e+04
5.757000000000000000e+03
2.950700000000000000e+04
3.054200000000000000e+04
3.676800000000000000e+04
3.594700000000000000e+04
2.567900000000000000e+04
2.258900000000000000e+04
1.013800000000000000e+04
2.038100000000000000e+04
3.404900000000000000e+04
2.518200000000000000e+04
2.120400000000000000e+04
3.769200000000000000e+04
1.439100000000000000e+04
1.829100000000000000e+04
1.749400000000000000e+04
3.872000000000000000e+04
1.172000000000000000e+03
3.848000000000000000e+03
2.782700000000000000e+04
3.223400000000000000e+04
1.975800000000000000e+04
1.842000000000000000e+03
3.334700000000000000e+04
3.537000000000000000e+03
2.684500000000000000e+04
3.708000000000000000e+04
3.433100000000000000e+04
2.449700000000000000e+04
3.430100000000000000e+04
4.059600000000000000e+04
2.485600000000000000e+04
2.923200000000000000e+04
3.834400000000000000e+04
3.486500000000000000e+04
1.149400000000000000e+04
1.173500000000000000e+04
3.710200000000000000e+04
2.942400000000000000e+04
1.713800000000000000e+04
2.957500000000000000e+04
3.859000000000000000e+04
8.214000000000000000e+03
2.366600000000000000e+04
2.762000000000000000e+03
1.875900000000000000e+04
2.730000000000000000e+02
3.937500000000000000e+04
2.815500000000000000e+04
9.957000000000000000e+03
1.897700000000000000e+04
1.920100000000000000e+04
6.220000000000000000e+03
1.972500000000000000e+04
1.149000000000000000e+04
2.999800000000000000e+04
2.843000000000000000e+03
3.394100000000000000e+04
3.678500000000000000e+04
3.370100000000000000e+04
1.287100000000000000e+04
1.135700000000000000e+04
4.281600000000000000e+04
2.674300000000000000e+04
2.863500000000000000e+04
3.695900000000000000e+04
2.320100000000000000e+04
2.981700000000000000e+04
4.032800000000000000e+04
2.915500000000000000e+04
3.451400000000000000e+04
2.495900000000000000e+04
1.421900000000000000e+04
1.663900000000000000e+04
2.872900000000000000e+04
3.727100000000000000e+04
2.653700000000000000e+04
3.211400000000000000e+04
2.046500000000000000e+04
3.784500000000000000e+04
1.917300000000000000e+04
1.944700000000000000e+04
3.309300000000000000e+04
3.966200000000000000e+04
8.072000000000000000e+03
3.296100000000000000e+04
2.661000000000000000e+03
3.481300000000000000e+04
3.761700000000000000e+04
3.467800000000000000e+04
2.194300000000000000e+04
3.902000000000000000e+04
8.392000000000000000e+03
4.051400000000000000e+04
1.356000000000000000e+04
3.254700000000000000e+04
2.567200000000000000e+04
3.432400000000000000e+04
4.730000000000000000e+02
4.112400000000000000e+04
1.573500000000000000e+04
3.388100000000000000e+04
4.247000000000000000e+04
2.334000000000000000e+03
2.563900000000000000e+04
1.539000000000000000e+03
2.693900000000000000e+04
6.493000000000000000e+03
3.741200000000000000e+04
2.549900000000000000e+04
3.665200000000000000e+04
1.261900000000000000e+04
1.793700000000000000e+04
3.615200000000000000e+04
1.954700000000000000e+04
2.196900000000000000e+04
3.143800000000000000e+04
1.879600000000000000e+04
1.085300000000000000e+04
8.474000000000000000e+03
2.588100000000000000e+04
1.250900000000000000e+04
3.156300000000000000e+04
3.544800000000000000e+04
1.694000000000000000e+03
2.366100000000000000e+04
1.489000000000000000e+03
3.308600000000000000e+04
1.304000000000000000e+03
3.553400000000000000e+04
6.170000000000000000e+02
3.722200000000000000e+04
2.276300000000000000e+04
3.183200000000000000e+04
4.275100000000000000e+04
3.722700000000000000e+04
3.716100000000000000e+04
2.588700000000000000e+04
2.173900000000000000e+04
1.927600000000000000e+04
4.018300000000000000e+04
1.254700000000000000e+04
3.269600000000000000e+04
9.287000000000000000e+03
1.840300000000000000e+04
2.098000000000000000e+04
1.763900000000000000e+04
1.572200000000000000e+04
4.078700000000000000e+04
3.540800000000000000e+04
3.440300000000000000e+04
3.644400000000000000e+04
1.077500000000000000e+04
1.603600000000000000e+04
2.182600000000000000e+04
1.585800000000000000e+04
3.760600000000000000e+04
3.690100000000000000e+04
2.800000000000000000e+02
3.138400000000000000e+04
4.001400000000000000e+04
3.257300000000000000e+04
3.720000000000000000e+02
2.125000000000000000e+03
3.799100000000000000e+04
1.297700000000000000e+04
3.066200000000000000e+04
3.573100000000000000e+04
3.526200000000000000e+04
2.386900000000000000e+04
1.870300000000000000e+04
2.350100000000000000e+04
3.183600000000000000e+04
2.327800000000000000e+04
2.156100000000000000e+04
6.272000000000000000e+03
2.124700000000000000e+04
3.651300000000000000e+04
1.702700000000000000e+04
2.282200000000000000e+04
3.145000000000000000e+03
2.764100000000000000e+04
3.626800000000000000e+04
2.395000000000000000e+04
3.205200000000000000e+04
1.751700000000000000e+04
2.751900000000000000e+04
3.874500000000000000e+04
3.677900000000000000e+04
1.205900000000000000e+04
7.282000000000000000e+03
7.104000000000000000e+03
2.282000000000000000e+04
1.883900000000000000e+04
4.113800000000000000e+04
2.606800000000000000e+04
4.489000000000000000e+03
4.450000000000000000e+03
2.129500000000000000e+04
6.435000000000000000e+03
1.395600000000000000e+04
1.425200000000000000e+04
5.871000000000000000e+03
4.137400000000000000e+04
3.627800000000000000e+04
2.419800000000000000e+04
2.844600000000000000e+04
1.259800000000000000e+04
9.876000000000000000e+03
1.590000000000000000e+04
2.975000000000000000e+04
1.386000000000000000e+04
3.216000000000000000e+04
2.992100000000000000e+04
2.895700000000000000e+04
2.039500000000000000e+04
4.238700000000000000e+04
2.409500000000000000e+04
2.224100000000000000e+04
3.726900000000000000e+04
3.772100000000000000e+04
3.820800000000000000e+04
2.239900000000000000e+04
3.644000000000000000e+03
3.087700000000000000e+04
1.223700000000000000e+04
2.375500000000000000e+04
2.244000000000000000e+03
1.134100000000000000e+04
4.225300000000000000e+04
2.029000000000000000e+03
1.497000000000000000e+03
2.681700000000000000e+04
3.357000000000000000e+04
2.616300000000000000e+04
2.080900000000000000e+04
4.085700000000000000e+04
1.836500000000000000e+04
3.526500000000000000e+04
1.094300000000000000e+04
5.110000000000000000e+02
1.941300000000000000e+04
1.504800000000000000e+04
3.115800000000000000e+04
3.211300000000000000e+04
2.632000000000000000e+04
1.340000000000000000e+03
1.045500000000000000e+04
7.884000000000000000e+03
1.191000000000000000e+04
2.839000000000000000e+04
1.955800000000000000e+04
2.779000000000000000e+03
1.325300000000000000e+04
1.468500000000000000e+04
4.046500000000000000e+04
3.742600000000000000e+04
7.000000000000000000e+03
2.910200000000000000e+04
1.169700000000000000e+04
1.403700000000000000e+04
1.064100000000000000e+04
2.232700000000000000e+04
2.117700000000000000e+04
2.876800000000000000e+04
1.222200000000000000e+04
2.934100000000000000e+04
7.386000000000000000e+03
1.508900000000000000e+04
2.424900000000000000e+04
1.700500000000000000e+04
1.341400000000000000e+04
6.371000000000000000e+03
2.824400000000000000e+04
3.905600000000000000e+04
1.868800000000000000e+04
4.280500000000000000e+04
3.739500000000000000e+04
1.845400000000000000e+04
2.703000000000000000e+04
2.704200000000000000e+04
1.630400000000000000e+04
4.455000000000000000e+03
2.861400000000000000e+04
2.690900000000000000e+04
1.302900000000000000e+04
1.818300000000000000e+04
1.819400000000000000e+04
1.669400000000000000e+04
3.526000000000000000e+04
6.498000000000000000e+03
1.234200000000000000e+04
6.135000000000000000e+03
1.014300000000000000e+04
1.231400000000000000e+04
1.956000000000000000e+03
3.502100000000000000e+04
3.821000000000000000e+04
3.628200000000000000e+04
2.577900000000000000e+04
3.821400000000000000e+04
1.900300000000000000e+04
4.094900000000000000e+04
3.887100000000000000e+04
2.790800000000000000e+04
4.158600000000000000e+04
3.706800000000000000e+04
1.720200000000000000e+04
5.097000000000000000e+03
1.752900000000000000e+04
2.910500000000000000e+04
9.780000000000000000e+03
1.072900000000000000e+04
1.054600000000000000e+04
1.722100000000000000e+04
3.113000000000000000e+04
4.198300000000000000e+04
1.721100000000000000e+04
2.578700000000000000e+04
3.393400000000000000e+04
1.354500000000000000e+04
2.999000000000000000e+03
2.804800000000000000e+04
1.856700000000000000e+04
2.063700000000000000e+04
1.961400000000000000e+04
3.554100000000000000e+04
3.038100000000000000e+04
1.066300000000000000e+04
1.230800000000000000e+04
1.771300000000000000e+04
1.312800000000000000e+04
3.404000000000000000e+04
1.435000000000000000e+03
1.423900000000000000e+04
3.539700000000000000e+04
7.542000000000000000e+03
1.560000000000000000e+04
6.542000000000000000e+03
2.004900000000000000e+04
2.412600000000000000e+04
1.154400000000000000e+04
1.130000000000000000e+03
3.819000000000000000e+03
2.860000000000000000e+04
4.657000000000000000e+03
9.561000000000000000e+03
3.173900000000000000e+04
3.851400000000000000e+04
9.231000000000000000e+03
1.699000000000000000e+04
2.352600000000000000e+04
2.891100000000000000e+04
7.765000000000000000e+03
2.435300000000000000e+04
2.365000000000000000e+03
2.600200000000000000e+04
1.225100000000000000e+04
2.641000000000000000e+03
2.152000000000000000e+04
1.660000000000000000e+03
2.877800000000000000e+04
2.523800000000000000e+04
1.008900000000000000e+04
3.378500000000000000e+04
4.007700000000000000e+04
2.456000000000000000e+03
1.803300000000000000e+04
1.007000000000000000e+04
2.511900000000000000e+04
1.525200000000000000e+04
3.099700000000000000e+04
2.653400000000000000e+04
1.577800000000000000e+04
6.973000000000000000e+03
2.925300000000000000e+04
2.634400000000000000e+04
3.299200000000000000e+04
2.061700000000000000e+04
7.312000000000000000e+03
1.089900000000000000e+04
4.034700000000000000e+04
2.578900000000000000e+04
4.061200000000000000e+04
1.312400000000000000e+04
3.930000000000000000e+03
3.967700000000000000e+04
3.167200000000000000e+04
3.270300000000000000e+04
3.694700000000000000e+04
2.417000000000000000e+03
8.297000000000000000e+03
1.828700000000000000e+04
8.778000000000000000e+03
2.096800000000000000e+04
7.163000000000000000e+03
3.193200000000000000e+04
1.920000000000000000e+03
5.769000000000000000e+03
3.579000000000000000e+03
2.539000000000000000e+03
1.619900000000000000e+04
9.749000000000000000e+03
1.837500000000000000e+04
2.192900000000000000e+04
4.101100000000000000e+04
1.592000000000000000e+04
2.679200000000000000e+04
2.002200000000000000e+04
2.242400000000000000e+04
3.767600000000000000e+04
4.046900000000000000e+04
3.763200000000000000e+04
1.241500000000000000e+04
2.560400000000000000e+04
3.387000000000000000e+04
9.727000000000000000e+03
1.953700000000000000e+04
2.590000000000000000e+02
2.248800000000000000e+04
1.151000000000000000e+03
3.391600000000000000e+04
3.434800000000000000e+04
1.772000000000000000e+03
1.519600000000000000e+04
3.745300000000000000e+04
2.263600000000000000e+04
1.272000000000000000e+04
4.942000000000000000e+03
2.072700000000000000e+04
3.334900000000000000e+04
3.784000000000000000e+03
4.206000000000000000e+04
1.731700000000000000e+04
1.635000000000000000e+04
3.358900000000000000e+04
3.506400000000000000e+04
1.462300000000000000e+04
2.743600000000000000e+04
8.110000000000000000e+03
1.063500000000000000e+04
6.196000000000000000e+03
2.014400000000000000e+04
1.430000000000000000e+02
1.102300000000000000e+04
3.763800000000000000e+04
3.390100000000000000e+04
1.258600000000000000e+04
1.239000000000000000e+04
2.523400000000000000e+04
4.204100000000000000e+04
2.112800000000000000e+04
7.729000000000000000e+03
2.506400000000000000e+04
2.317700000000000000e+04
7.631000000000000000e+03
4.151700000000000000e+04
2.312500000000000000e+04
1.545500000000000000e+04
4.021300000000000000e+04
1.310700000000000000e+04
3.748000000000000000e+03
9.516000000000000000e+03
6.584000000000000000e+03
5.369000000000000000e+03
1.104800000000000000e+04
2.571500000000000000e+04
4.230700000000000000e+04
3.424100000000000000e+04
2.025200000000000000e+04
2.878000000000000000e+03
3.521000000000000000e+04
6.727000000000000000e+03
1.805800000000000000e+04
1.404500000000000000e+04
1.812700000000000000e+04
3.945800000000000000e+04
1.855000000000000000e+03
3.082500000000000000e+04
1.008700000000000000e+04
3.008700000000000000e+04
2.464000000000000000e+04
3.521600000000000000e+04
2.585700000000000000e+04
3.254300000000000000e+04
2.667500000000000000e+04
3.518700000000000000e+04
6.573000000000000000e+03
1.989800000000000000e+04
3.672000000000000000e+03
4.184500000000000000e+04
3.311800000000000000e+04
3.270000000000000000e+03
1.535200000000000000e+04
2.599600000000000000e+04
7.632000000000000000e+03
2.742500000000000000e+04
2.409400000000000000e+04
3.588700000000000000e+04
1.436400000000000000e+04
1.590000000000000000e+03
1.180000000000000000e+04
3.231000000000000000e+04
1.628500000000000000e+04
2.723000000000000000e+03
3.991400000000000000e+04
1.449000000000000000e+03
3.997900000000000000e+04
3.305100000000000000e+04
1.717000000000000000e+04
3.084600000000000000e+04
1.877100000000000000e+04
3.459900000000000000e+04
4.173600000000000000e+04
3.532000000000000000e+04
1.594800000000000000e+04
4.049300000000000000e+04
1.966000000000000000e+03
1.728800000000000000e+04
2.835700000000000000e+04
4.883000000000000000e+03
4.262300000000000000e+04
5.764000000000000000e+03
2.419100000000000000e+04
3.887000000000000000e+03
2.996000000000000000e+04
1.893000000000000000e+04
3.330300000000000000e+04
4.916000000000000000e+03
1.289100000000000000e+04
2.760100000000000000e+04
3.201800000000000000e+04
3.574200000000000000e+04
2.997800000000000000e+04
4.243000000000000000e+04
1.164200000000000000e+04
1.470300000000000000e+04
1.733100000000000000e+04
1.658500000000000000e+04
2.000100000000000000e+04
1.605000000000000000e+03
3.645900000000000000e+04
1.404700000000000000e+04
2.469000000000000000e+03
3.757700000000000000e+04
3.053700000000000000e+04
1.434000000000000000e+03
2.964000000000000000e+03
6.768000000000000000e+03
2.592800000000000000e+04
2.873000000000000000e+04
4.002900000000000000e+04
6.819000000000000000e+03
9.560000000000000000e+02
2.609400000000000000e+04
2.195900000000000000e+04
2.903800000000000000e+04
3.375700000000000000e+04
4.760000000000000000e+02
3.789000000000000000e+04
4.044000000000000000e+04
2.995200000000000000e+04
1.583800000000000000e+04
3.368100000000000000e+04
1.650700000000000000e+04
3.673000000000000000e+04
3.977100000000000000e+04
2.720000000000000000e+03
2.410300000000000000e+04
3.224000000000000000e+04
3.738400000000000000e+04
9.187000000000000000e+03
3.546900000000000000e+04
1.146400000000000000e+04
2.720000000000000000e+02
3.703400000000000000e+04
2.909000000000000000e+03
3.971400000000000000e+04
3.286000000000000000e+04
1.926800000000000000e+04
1.771100000000000000e+04
3.944800000000000000e+04
8.031000000000000000e+03
1.975600000000000000e+04
1.941600000000000000e+04
2.966700000000000000e+04
3.699100000000000000e+04
4.102600000000000000e+04
3.608500000000000000e+04
9.420000000000000000e+03
1.984800000000000000e+04
1.347000000000000000e+04
3.206400000000000000e+04
1.124700000000000000e+04
2.916000000000000000e+04
8.887000000000000000e+03
2.017700000000000000e+04
1.211400000000000000e+04
2.072600000000000000e+04
3.871200000000000000e+04
1.333900000000000000e+04
1.295400000000000000e+04
3.909200000000000000e+04
1.517800000000000000e+04
7.579000000000000000e+03
2.581800000000000000e+04
5.011000000000000000e+03
9.720000000000000000e+02
8.489000000000000000e+03
4.033400000000000000e+04
1.184100000000000000e+04
6.590000000000000000e+03
1.724900000000000000e+04
3.582900000000000000e+04
2.422500000000000000e+04
1.031600000000000000e+04
3.598300000000000000e+04
4.281000000000000000e+04
4.129300000000000000e+04
1.946300000000000000e+04
7.750000000000000000e+03
1.774700000000000000e+04
1.274800000000000000e+04
3.229200000000000000e+04
2.749300000000000000e+04
2.141700000000000000e+04
3.603800000000000000e+04
6.703000000000000000e+03
3.978200000000000000e+04
3.780600000000000000e+04
1.395300000000000000e+04
4.136500000000000000e+04
3.610200000000000000e+04
1.585600000000000000e+04
5.238000000000000000e+03
2.345200000000000000e+04
1.878200000000000000e+04
4.452000000000000000e+03
1.982000000000000000e+03
1.777300000000000000e+04
2.771300000000000000e+04
3.120100000000000000e+04
1.395400000000000000e+04
2.595600000000000000e+04
1.883000000000000000e+04
2.861000000000000000e+04
1.810700000000000000e+04
3.058300000000000000e+04
2.343000000000000000e+03
2.123600000000000000e+04
1.126300000000000000e+04
2.315200000000000000e+04
1.306400000000000000e+04
2.624500000000000000e+04
1.299000000000000000e+04
3.241400000000000000e+04
1.313800000000000000e+04
8.250000000000000000e+03
1.966200000000000000e+04
1.570000000000000000e+02
3.581200000000000000e+04
3.567700000000000000e+04
3.795200000000000000e+04
1.555700000000000000e+04
3.317900000000000000e+04
2.853700000000000000e+04
9.855000000000000000e+03
2.523900000000000000e+04
2.450200000000000000e+04
3.348600000000000000e+04
6.797000000000000000e+03
2.644200000000000000e+04
3.074400000000000000e+04
1.255200000000000000e+04
3.636500000000000000e+04
3.765600000000000000e+04
2.387900000000000000e+04
1.222500000000000000e+04
3.938400000000000000e+04
2.237200000000000000e+04
4.192800000000000000e+04
3.034700000000000000e+04
1.298200000000000000e+04
4.015000000000000000e+03
4.896000000000000000e+03
1.323500000000000000e+04
1.134200000000000000e+04
1.349300000000000000e+04
1.639300000000000000e+04
3.152300000000000000e+04
1.445000000000000000e+04
4.113200000000000000e+04
2.730400000000000000e+04
1.883800000000000000e+04
1.512500000000000000e+04
6.475000000000000000e+03
2.510800000000000000e+04
9.066000000000000000e+03
4.123500000000000000e+04
3.830600000000000000e+04
6.907000000000000000e+03
3.308300000000000000e+04
7.722000000000000000e+03
3.971500000000000000e+04
3.147200000000000000e+04
4.163300000000000000e+04
1.965800000000000000e+04
3.745400000000000000e+04
2.738100000000000000e+04
3.430400000000000000e+04
4.542000000000000000e+03
3.528500000000000000e+04
4.663000000000000000e+03
4.065800000000000000e+04
1.623600000000000000e+04
3.826000000000000000e+04
1.678000000000000000e+03
5.826000000000000000e+03
2.732800000000000000e+04
3.215600000000000000e+04
4.385000000000000000e+03
2.210300000000000000e+04
9.329000000000000000e+03
3.013600000000000000e+04
1.509600000000000000e+04
3.817700000000000000e+04
1.105100000000000000e+04
3.704700000000000000e+04
3.595100000000000000e+04
3.304400000000000000e+04
4.116900000000000000e+04
