0 4
0 165
1 5
1 152
1 156
1 161
1 163
1 164
2 17
2 60
2 61
2 62
2 63
2 64
3 6
3 7
3 8
3 9
3 10
3 11
3 131
3 190
4 89
5 25
5 26
5 27
5 28
5 29
5 30
5 31
5 32
5 33
5 35
5 36
5 37
5 38
5 134
6 3
6 110
6 143
6 144
6 145
7 162
7 164
8 88
9 126
9 130
9 133
9 147
9 149
9 150
9 151
9 152
9 153
9 156
9 157
9 158
9 159
9 160
9 199
10 88
11 49
11 65
11 196
12 25
12 26
12 27
12 28
12 29
12 30
12 31
12 32
12 33
12 34
12 35
12 36
12 37
12 39
12 46
12 47
12 48
12 134
13 0
13 19
13 23
13 24
13 40
13 41
13 43
13 44
13 50
13 51
13 52
13 53
13 68
13 69
13 71
13 72
13 73
13 74
13 75
13 76
13 77
13 78
13 79
13 80
13 81
13 82
13 83
13 84
13 85
13 86
13 87
13 88
13 89
13 92
13 93
13 94
13 95
13 97
13 99
13 100
13 101
13 102
13 103
13 105
13 106
13 107
13 108
13 109
13 110
13 111
13 112
13 114
13 115
13 116
13 124
13 125
13 128
13 135
13 136
13 140
13 142
13 166
13 181
13 183
13 184
13 185
13 186
13 195
13 198
13 200
13 202
13 203
14 126
14 130
14 133
14 147
14 149
14 150
14 151
14 152
14 153
14 156
14 157
14 158
14 159
14 160
14 199
15 170
15 173
15 174
16 94
16 108
16 109
17 25
17 26
17 28
17 29
17 30
17 31
17 32
17 33
17 34
17 35
17 36
17 37
17 38
17 134
18 25
18 26
18 28
18 29
18 30
19 2
19 16
19 42
19 67
19 126
19 129
19 130
19 132
19 133
19 141
19 143
19 144
19 145
19 147
19 149
19 150
19 151
19 152
19 153
19 156
19 157
19 158
19 159
19 160
19 168
19 169
19 170
19 171
19 172
19 173
19 174
19 175
19 176
19 177
19 178
19 179
19 180
19 187
19 188
19 189
19 197
19 199
19 201
20 89
20 98
21 3
21 89
21 166
22 25
23 105
24 84
24 111
25 170
25 171
25 173
25 174
25 175
25 177
25 180
25 187
25 188
25 189
26 75
26 88
26 110
27 146
27 148
27 149
27 150
27 154
27 155
28 149
28 150
28 152
28 154
28 155
28 156
28 186
29 72
30 162
30 163
31 94
32 89
32 98
33 89
33 166
34 189
35 162
35 164
36 89
37 2
37 42
37 66
37 67
37 127
37 129
37 132
37 141
37 143
37 144
37 145
37 168
37 169
37 170
37 171
37 172
37 173
37 174
37 175
37 176
37 177
37 179
37 187
37 188
37 189
37 192
37 197
37 201
38 170
38 171
38 173
38 177
38 180
38 201
39 49
39 65
39 196
40 65
41 25
43 146
43 148
43 149
43 150
43 152
43 154
43 155
44 109
46 7
46 8
46 9
46 13
46 15
46 26
46 27
46 28
46 29
46 30
46 32
46 33
46 34
46 36
46 37
46 38
46 134
46 138
46 190
48 2
48 42
48 66
48 126
48 127
48 130
48 132
48 133
48 141
48 143
48 144
48 145
48 147
48 149
48 150
48 151
48 152
48 153
48 157
48 158
48 159
48 160
48 168
48 169
48 170
48 171
48 172
48 173
48 177
48 178
48 179
48 180
48 187
48 188
48 192
48 199
48 201
49 49
49 65
50 105
51 88
52 7
52 8
52 9
52 13
52 15
52 131
52 138
52 190
53 22
53 119
53 120
53 121
53 122
53 144
53 145
53 194
54 25
54 26
54 27
54 28
54 30
54 31
54 32
54 33
54 34
54 35
54 36
54 37
54 38
54 134
55 152
56 16
56 46
56 48
57 25
57 55
58 126
58 130
58 133
58 146
58 147
58 149
58 150
58 151
58 156
58 158
58 159
58 160
58 187
58 188
58 189
58 199
59 187
59 188
59 189
60 2
60 25
60 42
60 46
60 50
60 66
60 67
60 105
60 110
60 127
60 132
60 136
60 137
60 141
60 168
60 169
60 170
60 171
60 172
60 173
60 174
60 175
60 176
60 177
60 178
60 179
60 180
60 187
60 188
60 189
60 192
60 197
60 201
61 25
61 46
62 50
62 68
63 26
63 27
63 28
63 29
63 30
63 31
63 32
63 33
63 34
63 35
63 36
63 37
63 38
63 46
63 50
63 68
63 134
64 25
64 46
64 50
65 25
65 26
65 27
65 28
65 29
65 30
65 31
65 32
65 33
65 34
65 35
65 36
65 37
65 38
65 46
65 47
65 48
65 50
65 134
66 25
66 27
66 28
66 29
66 30
66 31
66 32
66 33
66 34
66 35
66 36
66 37
66 38
66 134
67 25
67 26
67 27
67 28
67 29
67 30
67 31
67 32
67 33
67 34
67 36
67 37
67 38
67 39
67 46
67 47
67 48
67 134
68 25
68 26
68 27
68 28
68 29
68 30
68 31
68 32
68 33
68 34
68 35
68 36
68 37
68 38
68 134
69 126
69 130
69 133
69 149
69 150
69 151
69 153
69 156
69 157
69 158
69 159
69 160
69 199
70 152
71 2
71 42
71 66
71 67
71 129
71 132
71 141
71 143
71 145
71 168
71 169
71 170
71 171
71 172
71 173
71 174
71 175
71 176
71 177
71 178
71 179
71 187
71 188
71 189
71 192
71 197
71 201
72 65
74 89
75 89
76 162
77 6
77 7
77 9
77 10
77 11
77 131
77 138
77 190
78 168
78 170
78 171
78 174
79 69
79 70
79 72
79 77
79 170
79 173
79 174
80 71
80 170
80 171
80 173
80 174
81 2
81 42
81 66
81 127
81 129
81 132
81 141
81 143
81 144
81 168
81 169
81 170
81 171
81 172
81 173
81 177
81 178
81 179
81 180
81 187
81 188
81 189
81 192
81 197
81 201
82 70
82 74
82 75
82 94
82 170
82 174
83 2
83 42
83 66
83 67
83 127
83 129
83 132
83 141
83 143
83 144
83 168
83 169
83 170
83 171
83 172
83 173
83 174
83 175
83 176
83 177
83 178
83 179
83 180
83 188
83 189
83 192
83 197
83 201
85 20
85 21
85 49
85 65
85 196
86 74
87 68
87 69
87 72
87 74
87 77
87 146
87 148
87 150
87 152
87 154
87 155
88 146
88 148
88 149
88 150
88 152
88 154
88 155
89 72
89 148
89 149
89 152
89 154
89 155
89 186
90 44
90 71
90 72
90 74
90 104
90 128
90 146
90 148
90 149
90 150
90 152
90 155
90 184
90 186
90 202
91 44
91 104
92 88
92 98
92 103
92 170
92 175
92 176
92 180
92 183
92 193
92 202
93 117
93 118
93 126
93 127
93 130
93 157
93 158
93 159
93 160
93 188
93 189
93 199
94 105
95 105
96 105
97 105
98 105
99 20
99 21
99 49
99 65
99 196
100 20
100 21
100 49
100 65
100 196
102 25
103 25
105 189
106 16
106 17
106 25
106 26
106 27
106 28
106 29
106 30
106 60
106 61
106 62
106 63
106 64
107 6
107 7
107 8
107 9
107 11
107 12
107 13
107 14
107 15
107 49
107 65
107 131
107 138
107 190
107 196
108 146
108 148
108 150
108 152
108 154
108 155
108 156
108 186
109 152
109 156
110 146
110 148
110 149
110 152
110 154
110 155
110 156
110 186
111 146
111 148
111 149
111 150
111 152
111 154
111 155
111 156
111 186
112 146
112 148
112 149
112 150
112 152
112 155
112 156
112 186
113 143
113 145
113 146
113 148
113 149
113 150
113 152
113 154
113 155
113 156
113 186
114 146
114 148
114 149
114 150
114 152
114 155
114 156
114 186
115 7
116 7
117 7
119 105
120 16
120 50
120 51
120 52
120 53
120 54
120 55
120 57
120 58
120 59
120 126
120 130
120 133
120 147
120 149
120 150
120 151
120 152
120 153
120 156
120 157
120 158
120 159
120 160
120 199
121 7
122 109
123 94
124 108
125 108
125 109
126 109
127 109
128 94
128 107
128 108
129 111
130 13
131 13
132 13
133 25
134 170
134 175
135 89
136 16
137 109
138 146
138 148
138 149
138 152
138 154
138 156
138 186
139 25
140 51
140 105
141 143
141 144
141 145
142 146
142 148
142 149
142 150
142 152
142 154
142 155
142 156
143 2
143 42
143 66
143 67
143 127
143 129
143 132
143 141
143 143
143 144
143 145
143 168
143 169
143 170
143 171
143 172
143 173
143 174
143 175
143 176
143 177
143 178
143 179
143 180
143 187
143 188
143 189
143 192
143 197
143 201
144 143
144 144
145 108
146 72
146 83
146 94
146 146
146 149
146 152
146 154
146 155
146 156
146 186
147 110
147 143
147 144
147 145
148 107
149 98
150 162
151 3
151 110
151 143
153 98
154 166
155 98
156 174
157 20
157 21
157 46
157 47
157 49
157 65
157 182
157 196
158 146
158 148
158 149
158 152
158 154
158 155
158 156
158 186
159 146
159 149
159 150
159 152
159 154
159 155
160 146
160 148
160 149
160 150
160 152
160 154
160 155
161 88
162 146
162 148
162 149
162 150
162 154
162 155
162 156
163 6
163 7
163 9
163 10
163 11
163 131
163 138
163 190
164 109
165 6
165 7
165 8
165 9
165 10
165 11
165 131
165 138
165 190
166 6
166 7
166 8
166 9
166 10
166 11
166 131
166 190
167 6
167 7
167 8
167 9
167 10
167 11
167 25
167 26
167 27
167 28
167 29
167 30
167 108
167 131
167 138
167 190
168 108
169 162
170 25
170 26
170 27
170 28
170 29
170 30
171 70
171 200
172 70
172 200
173 44
173 71
173 72
173 87
173 104
173 128
173 146
173 148
173 149
173 150
173 152
173 154
173 155
173 184
173 186
173 202
174 143
175 0
175 1
175 2
175 19
175 23
175 24
175 40
175 41
175 42
175 43
175 45
175 66
175 67
175 68
175 69
175 70
175 71
175 73
175 74
175 75
175 76
175 77
175 78
175 79
175 81
175 82
175 83
175 84
175 85
175 87
175 88
175 89
175 90
175 91
175 92
175 93
175 95
175 97
175 99
175 100
175 101
175 105
175 106
175 107
175 108
175 109
175 110
175 111
175 113
175 114
175 115
175 116
175 124
175 125
175 126
175 127
175 128
175 129
175 130
175 132
175 133
175 135
175 140
175 141
175 142
175 143
175 145
175 147
175 149
175 150
175 151
175 153
175 156
175 157
175 158
175 159
175 160
175 168
175 170
175 171
175 172
175 173
175 174
175 175
175 176
175 177
175 178
175 180
175 181
175 183
175 184
175 185
175 186
175 187
175 188
175 189
175 191
175 192
175 193
175 195
175 197
175 199
175 200
175 201
175 202
175 203
176 164
177 164
178 3
178 110
178 143
178 144
178 145
179 25
179 26
179 27
179 29
179 30
180 88
181 55
181 57
181 58
181 59
183 187
183 189
184 168
184 170
184 173
184 174
185 111
186 25
187 108
187 109
188 7
188 8
188 13
188 15
188 65
188 131
188 138
188 190
189 110
190 6
190 7
190 8
190 9
190 10
190 11
190 131
190 138
191 7
191 16
191 164
192 6
192 7
192 8
192 9
192 10
192 11
192 131
192 138
192 190
193 68
193 69
193 70
193 72
193 77
193 170
193 173
194 16
194 17
194 60
194 61
194 62
194 63
194 64
194 94
195 146
195 148
195 149
195 150
195 152
195 154
195 155
196 108
196 109
197 148
197 149
197 150
197 152
197 154
197 155
197 156
197 186
198 65
199 18
201 163
202 168
202 172
202 187
203 152
204 7
204 8
204 9
204 10
204 83
204 138
204 190
205 6
205 7
205 8
205 9
205 10
205 11
205 138
205 190
205 200
206 162
206 163
207 25
207 26
207 27
207 28
207 30
208 25
209 152
