1.400000000000000000e+01
3.860000000000000000e+02
4.400000000000000000e+02
4.580000000000000000e+02
4.690000000000000000e+02
4.810000000000000000e+02
4.920000000000000000e+02
5.020000000000000000e+02
5.040000000000000000e+02
5.640000000000000000e+02
5.960000000000000000e+02
6.370000000000000000e+02
6.520000000000000000e+02
7.780000000000000000e+02
7.820000000000000000e+02
8.090000000000000000e+02
1.052000000000000000e+03
1.264000000000000000e+03
1.338000000000000000e+03
1.368000000000000000e+03
1.424000000000000000e+03
1.426000000000000000e+03
1.427000000000000000e+03
1.451000000000000000e+03
1.453000000000000000e+03
1.465000000000000000e+03
1.466000000000000000e+03
1.474000000000000000e+03
1.517000000000000000e+03
1.523000000000000000e+03
1.548000000000000000e+03
1.578000000000000000e+03
1.586000000000000000e+03
1.587000000000000000e+03
1.588000000000000000e+03
1.589000000000000000e+03
1.592000000000000000e+03
1.634000000000000000e+03
1.636000000000000000e+03
1.637000000000000000e+03
1.638000000000000000e+03
1.659000000000000000e+03
1.661000000000000000e+03
1.662000000000000000e+03
1.663000000000000000e+03
1.675000000000000000e+03
1.676000000000000000e+03
1.684000000000000000e+03
1.727000000000000000e+03
1.733000000000000000e+03
1.788000000000000000e+03
1.844000000000000000e+03
1.846000000000000000e+03
1.847000000000000000e+03
1.848000000000000000e+03
1.869000000000000000e+03
1.871000000000000000e+03
1.873000000000000000e+03
1.885000000000000000e+03
1.886000000000000000e+03
1.894000000000000000e+03
1.937000000000000000e+03
1.943000000000000000e+03
1.968000000000000000e+03
1.998000000000000000e+03
2.054000000000000000e+03
2.056000000000000000e+03
2.057000000000000000e+03
2.058000000000000000e+03
2.081000000000000000e+03
2.083000000000000000e+03
2.095000000000000000e+03
2.096000000000000000e+03
2.104000000000000000e+03
2.178000000000000000e+03
2.264000000000000000e+03
2.266000000000000000e+03
2.267000000000000000e+03
2.268000000000000000e+03
2.291000000000000000e+03
2.293000000000000000e+03
2.305000000000000000e+03
2.306000000000000000e+03
2.314000000000000000e+03
2.388000000000000000e+03
2.418000000000000000e+03
2.474000000000000000e+03
2.476000000000000000e+03
2.478000000000000000e+03
2.501000000000000000e+03
2.503000000000000000e+03
2.515000000000000000e+03
2.516000000000000000e+03
2.628000000000000000e+03
2.777000000000000000e+03
2.783000000000000000e+03
2.804000000000000000e+03
2.838000000000000000e+03
2.861000000000000000e+03
2.862000000000000000e+03
2.863000000000000000e+03
2.919000000000000000e+03
3.048000000000000000e+03
3.197000000000000000e+03
3.203000000000000000e+03
3.258000000000000000e+03
3.339000000000000000e+03
3.380000000000000000e+03
3.417000000000000000e+03
3.467000000000000000e+03
3.481000000000000000e+03
3.497000000000000000e+03
3.552000000000000000e+03
3.555000000000000000e+03
3.573000000000000000e+03
3.677000000000000000e+03
3.765000000000000000e+03
3.980000000000000000e+03
4.004000000000000000e+03
4.166000000000000000e+03
4.286000000000000000e+03
4.300000000000000000e+03
4.301000000000000000e+03
4.358000000000000000e+03
4.496000000000000000e+03
4.510000000000000000e+03
4.511000000000000000e+03
4.568000000000000000e+03
4.844000000000000000e+03
5.006000000000000000e+03
5.054000000000000000e+03
5.256000000000000000e+03
5.263000000000000000e+03
5.268000000000000000e+03
5.269000000000000000e+03
5.273000000000000000e+03
5.293000000000000000e+03
5.297000000000000000e+03
5.305000000000000000e+03
5.308000000000000000e+03
5.311000000000000000e+03
5.313000000000000000e+03
5.314000000000000000e+03
5.315000000000000000e+03
5.316000000000000000e+03
5.317000000000000000e+03
5.318000000000000000e+03
5.319000000000000000e+03
5.352000000000000000e+03
5.353000000000000000e+03
5.354000000000000000e+03
5.357000000000000000e+03
5.384000000000000000e+03
5.390000000000000000e+03
5.418000000000000000e+03
5.421000000000000000e+03
5.430000000000000000e+03
5.437000000000000000e+03
5.451000000000000000e+03
5.459000000000000000e+03
5.466000000000000000e+03
5.473000000000000000e+03
5.478000000000000000e+03
5.479000000000000000e+03
5.507000000000000000e+03
5.515000000000000000e+03
5.524000000000000000e+03
5.526000000000000000e+03
5.527000000000000000e+03
5.528000000000000000e+03
5.529000000000000000e+03
5.567000000000000000e+03
5.628000000000000000e+03
5.631000000000000000e+03
5.640000000000000000e+03
5.668000000000000000e+03
5.676000000000000000e+03
5.683000000000000000e+03
5.688000000000000000e+03
5.689000000000000000e+03
5.717000000000000000e+03
5.725000000000000000e+03
5.734000000000000000e+03
5.736000000000000000e+03
5.738000000000000000e+03
5.739000000000000000e+03
5.838000000000000000e+03
5.841000000000000000e+03
5.850000000000000000e+03
5.878000000000000000e+03
5.886000000000000000e+03
5.893000000000000000e+03
5.898000000000000000e+03
5.899000000000000000e+03
5.927000000000000000e+03
5.935000000000000000e+03
5.944000000000000000e+03
5.946000000000000000e+03
5.947000000000000000e+03
5.948000000000000000e+03
5.949000000000000000e+03
5.987000000000000000e+03
6.048000000000000000e+03
6.060000000000000000e+03
6.088000000000000000e+03
6.096000000000000000e+03
6.103000000000000000e+03
6.109000000000000000e+03
6.137000000000000000e+03
6.145000000000000000e+03
6.154000000000000000e+03
6.156000000000000000e+03
6.157000000000000000e+03
6.158000000000000000e+03
6.159000000000000000e+03
6.197000000000000000e+03
6.258000000000000000e+03
6.261000000000000000e+03
6.270000000000000000e+03
6.298000000000000000e+03
6.306000000000000000e+03
6.313000000000000000e+03
6.318000000000000000e+03
6.319000000000000000e+03
6.355000000000000000e+03
6.364000000000000000e+03
6.366000000000000000e+03
6.367000000000000000e+03
6.368000000000000000e+03
6.369000000000000000e+03
6.407000000000000000e+03
6.468000000000000000e+03
6.480000000000000000e+03
6.508000000000000000e+03
6.516000000000000000e+03
6.523000000000000000e+03
6.528000000000000000e+03
6.557000000000000000e+03
6.565000000000000000e+03
6.574000000000000000e+03
6.576000000000000000e+03
6.577000000000000000e+03
6.578000000000000000e+03
6.726000000000000000e+03
6.733000000000000000e+03
6.738000000000000000e+03
6.767000000000000000e+03
6.775000000000000000e+03
6.784000000000000000e+03
6.786000000000000000e+03
6.787000000000000000e+03
6.788000000000000000e+03
6.789000000000000000e+03
6.936000000000000000e+03
6.943000000000000000e+03
6.948000000000000000e+03
6.977000000000000000e+03
6.985000000000000000e+03
6.994000000000000000e+03
6.996000000000000000e+03
6.997000000000000000e+03
6.998000000000000000e+03
6.999000000000000000e+03
7.146000000000000000e+03
7.158000000000000000e+03
7.187000000000000000e+03
7.195000000000000000e+03
7.204000000000000000e+03
7.206000000000000000e+03
7.207000000000000000e+03
7.208000000000000000e+03
7.209000000000000000e+03
7.356000000000000000e+03
7.363000000000000000e+03
7.368000000000000000e+03
7.405000000000000000e+03
7.414000000000000000e+03
7.416000000000000000e+03
7.417000000000000000e+03
7.418000000000000000e+03
7.419000000000000000e+03
7.566000000000000000e+03
7.573000000000000000e+03
7.578000000000000000e+03
7.607000000000000000e+03
7.615000000000000000e+03
7.624000000000000000e+03
7.626000000000000000e+03
7.627000000000000000e+03
7.628000000000000000e+03
7.629000000000000000e+03
7.776000000000000000e+03
7.783000000000000000e+03
7.817000000000000000e+03
7.825000000000000000e+03
7.834000000000000000e+03
7.836000000000000000e+03
7.837000000000000000e+03
7.838000000000000000e+03
7.839000000000000000e+03
7.986000000000000000e+03
7.993000000000000000e+03
8.027000000000000000e+03
8.035000000000000000e+03
8.046000000000000000e+03
8.047000000000000000e+03
8.048000000000000000e+03
8.049000000000000000e+03
8.245000000000000000e+03
8.258000000000000000e+03
8.414000000000000000e+03
8.576000000000000000e+03
8.624000000000000000e+03
8.786000000000000000e+03
8.858000000000000000e+03
8.881000000000000000e+03
8.892000000000000000e+03
8.902000000000000000e+03
8.904000000000000000e+03
8.964000000000000000e+03
8.996000000000000000e+03
9.044000000000000000e+03
9.206000000000000000e+03
9.254000000000000000e+03
9.331000000000000000e+03
9.414000000000000000e+03
9.416000000000000000e+03
9.464000000000000000e+03
9.626000000000000000e+03
9.717000000000000000e+03
9.721000000000000000e+03
9.722000000000000000e+03
9.723000000000000000e+03
9.724000000000000000e+03
9.726000000000000000e+03
9.728000000000000000e+03
9.818000000000000000e+03
9.883000000000000000e+03
9.927000000000000000e+03
9.936000000000000000e+03
9.938000000000000000e+03
1.002800000000000000e+04
1.009300000000000000e+04
1.013700000000000000e+04
1.014600000000000000e+04
1.014800000000000000e+04
1.030200000000000000e+04
1.033000000000000000e+04
1.034000000000000000e+04
1.037600000000000000e+04
1.039000000000000000e+04
1.039100000000000000e+04
1.039800000000000000e+04
1.044800000000000000e+04
1.051400000000000000e+04
1.056200000000000000e+04
1.056300000000000000e+04
1.056400000000000000e+04
1.056500000000000000e+04
1.056600000000000000e+04
1.062100000000000000e+04
1.072400000000000000e+04
1.083100000000000000e+04
1.085100000000000000e+04
1.093400000000000000e+04
1.104100000000000000e+04
1.114400000000000000e+04
1.125100000000000000e+04
1.146100000000000000e+04
1.160800000000000000e+04
1.167100000000000000e+04
1.173200000000000000e+04
1.209100000000000000e+04
1.215200000000000000e+04
1.230100000000000000e+04
1.251100000000000000e+04
1.260300000000000000e+04
1.270700000000000000e+04
1.279500000000000000e+04
1.281300000000000000e+04
1.291700000000000000e+04
1.300500000000000000e+04
1.302300000000000000e+04
1.312700000000000000e+04
1.321500000000000000e+04
1.323300000000000000e+04
1.333700000000000000e+04
1.342500000000000000e+04
1.344300000000000000e+04
1.354700000000000000e+04
1.366200000000000000e+04
1.369000000000000000e+04
1.369100000000000000e+04
1.370000000000000000e+04
1.372300000000000000e+04
1.373600000000000000e+04
1.375000000000000000e+04
1.375100000000000000e+04
1.375800000000000000e+04
1.383900000000000000e+04
1.384900000000000000e+04
1.388000000000000000e+04
1.389800000000000000e+04
1.390900000000000000e+04
1.392100000000000000e+04
1.393200000000000000e+04
1.394200000000000000e+04
1.403600000000000000e+04
1.409000000000000000e+04
1.410800000000000000e+04
1.411900000000000000e+04
1.413100000000000000e+04
1.414200000000000000e+04
1.415200000000000000e+04
1.415400000000000000e+04
1.421400000000000000e+04
1.424600000000000000e+04
1.429400000000000000e+04
1.434300000000000000e+04
1.434400000000000000e+04
1.434500000000000000e+04
1.434600000000000000e+04
1.436800000000000000e+04
1.445600000000000000e+04
1.447400000000000000e+04
1.450400000000000000e+04
1.457800000000000000e+04
1.466600000000000000e+04
1.468400000000000000e+04
1.471400000000000000e+04
1.478000000000000000e+04
1.478300000000000000e+04
1.487300000000000000e+04
1.487600000000000000e+04
1.489400000000000000e+04
1.499100000000000000e+04
1.508400000000000000e+04
1.508600000000000000e+04
1.513400000000000000e+04
1.520000000000000000e+04
1.520800000000000000e+04
1.521000000000000000e+04
1.521100000000000000e+04
1.526700000000000000e+04
1.529400000000000000e+04
1.531400000000000000e+04
1.534400000000000000e+04
1.550600000000000000e+04
1.555400000000000000e+04
1.562300000000000000e+04
1.563100000000000000e+04
1.571400000000000000e+04
1.571600000000000000e+04
1.576400000000000000e+04
1.577700000000000000e+04
1.583300000000000000e+04
1.592600000000000000e+04
1.613600000000000000e+04
1.618400000000000000e+04
1.625000000000000000e+04
1.625800000000000000e+04
1.634600000000000000e+04
1.636400000000000000e+04
1.639400000000000000e+04
1.646300000000000000e+04
1.655600000000000000e+04
1.660400000000000000e+04
1.676600000000000000e+04
1.681400000000000000e+04
1.702400000000000000e+04
1.718600000000000000e+04
1.739600000000000000e+04
1.744400000000000000e+04
1.757700000000000000e+04
1.760600000000000000e+04
1.763500000000000000e+04
1.765400000000000000e+04
1.766500000000000000e+04
1.781600000000000000e+04
1.786400000000000000e+04
1.802600000000000000e+04
1.807400000000000000e+04
1.823600000000000000e+04
1.828400000000000000e+04
1.836100000000000000e+04
1.844400000000000000e+04
1.844600000000000000e+04
1.848900000000000000e+04
1.849100000000000000e+04
1.849400000000000000e+04
1.850700000000000000e+04
1.853200000000000000e+04
1.857200000000000000e+04
1.857300000000000000e+04
1.864200000000000000e+04
1.866100000000000000e+04
1.869500000000000000e+04
1.870400000000000000e+04
1.871100000000000000e+04
1.871200000000000000e+04
1.872300000000000000e+04
1.872400000000000000e+04
1.872700000000000000e+04
1.876500000000000000e+04
1.876600000000000000e+04
1.882600000000000000e+04
1.886600000000000000e+04
1.907600000000000000e+04
1.912400000000000000e+04
1.928600000000000000e+04
1.933400000000000000e+04
1.954400000000000000e+04
1.970600000000000000e+04
1.975400000000000000e+04
1.975700000000000000e+04
1.977200000000000000e+04
1.982300000000000000e+04
1.986400000000000000e+04
1.986900000000000000e+04
1.988700000000000000e+04
2.017400000000000000e+04
2.033600000000000000e+04
2.038400000000000000e+04
2.054600000000000000e+04
2.060100000000000000e+04
2.061300000000000000e+04
2.067300000000000000e+04
2.073400000000000000e+04
2.073600000000000000e+04
2.080400000000000000e+04
2.096600000000000000e+04
2.101400000000000000e+04
2.122400000000000000e+04
2.138600000000000000e+04
2.164400000000000000e+04
2.172300000000000000e+04
2.180600000000000000e+04
2.193100000000000000e+04
2.193200000000000000e+04
2.201400000000000000e+04
2.206400000000000000e+04
2.210100000000000000e+04
2.211100000000000000e+04
2.214600000000000000e+04
2.214700000000000000e+04
2.214800000000000000e+04
2.214900000000000000e+04
2.219100000000000000e+04
2.222600000000000000e+04
2.243600000000000000e+04
2.248400000000000000e+04
2.248700000000000000e+04
2.259900000000000000e+04
2.261900000000000000e+04
2.263800000000000000e+04
2.264600000000000000e+04
2.269400000000000000e+04
2.269700000000000000e+04
2.280600000000000000e+04
2.280900000000000000e+04
2.282600000000000000e+04
2.284800000000000000e+04
2.284900000000000000e+04
2.285600000000000000e+04
2.287700000000000000e+04
2.290400000000000000e+04
2.290700000000000000e+04
2.293500000000000000e+04
2.301600000000000000e+04
2.301800000000000000e+04
2.301900000000000000e+04
2.305500000000000000e+04
2.306600000000000000e+04
2.307800000000000000e+04
2.308700000000000000e+04
2.310700000000000000e+04
2.311400000000000000e+04
2.312700000000000000e+04
2.316100000000000000e+04
2.324800000000000000e+04
2.327600000000000000e+04
2.327900000000000000e+04
2.329000000000000000e+04
2.332400000000000000e+04
2.333500000000000000e+04
2.344000000000000000e+04
2.348600000000000000e+04
2.349600000000000000e+04
2.369600000000000000e+04
2.374400000000000000e+04
2.390600000000000000e+04
2.395400000000000000e+04
2.411600000000000000e+04
2.416400000000000000e+04
2.437400000000000000e+04
2.453600000000000000e+04
2.466400000000000000e+04
2.487400000000000000e+04
2.504400000000000000e+04
2.525400000000000000e+04
2.546400000000000000e+04
2.588400000000000000e+04
2.605400000000000000e+04
2.621600000000000000e+04
2.626400000000000000e+04
2.642600000000000000e+04
2.647000000000000000e+04
2.647500000000000000e+04
2.648000000000000000e+04
2.650900000000000000e+04
2.651900000000000000e+04
2.653000000000000000e+04
2.655400000000000000e+04
2.663600000000000000e+04
2.669000000000000000e+04
2.670800000000000000e+04
2.671900000000000000e+04
2.673100000000000000e+04
2.674200000000000000e+04
2.675200000000000000e+04
2.675400000000000000e+04
2.676400000000000000e+04
2.681400000000000000e+04
2.684600000000000000e+04
2.689400000000000000e+04
2.697100000000000000e+04
2.705400000000000000e+04
2.705600000000000000e+04
2.711000000000000000e+04
2.712800000000000000e+04
2.713900000000000000e+04
2.715100000000000000e+04
2.716200000000000000e+04
2.717200000000000000e+04
2.717400000000000000e+04
2.723400000000000000e+04
2.726600000000000000e+04
2.731000000000000000e+04
2.731500000000000000e+04
2.732000000000000000e+04
2.734900000000000000e+04
2.735900000000000000e+04
2.737000000000000000e+04
2.739400000000000000e+04
2.747600000000000000e+04
2.751400000000000000e+04
2.755700000000000000e+04
2.756300000000000000e+04
2.758800000000000000e+04
2.761800000000000000e+04
2.767400000000000000e+04
2.767600000000000000e+04
2.767700000000000000e+04
2.767800000000000000e+04
2.769900000000000000e+04
2.770100000000000000e+04
2.771500000000000000e+04
2.771600000000000000e+04
2.774000000000000000e+04
2.775800000000000000e+04
2.776900000000000000e+04
2.778100000000000000e+04
2.779200000000000000e+04
2.780200000000000000e+04
2.780400000000000000e+04
2.786400000000000000e+04
2.789600000000000000e+04
2.794000000000000000e+04
2.795000000000000000e+04
2.797900000000000000e+04
2.798900000000000000e+04
2.800000000000000000e+04
2.805100000000000000e+04
2.815800000000000000e+04
2.818700000000000000e+04
2.819500000000000000e+04
2.820400000000000000e+04
2.820700000000000000e+04
2.820800000000000000e+04
2.820900000000000000e+04
2.836400000000000000e+04
2.852600000000000000e+04
2.862100000000000000e+04
2.873600000000000000e+04
2.883100000000000000e+04
2.898400000000000000e+04
2.902700000000000000e+04
2.905800000000000000e+04
2.908800000000000000e+04
2.914400000000000000e+04
2.914600000000000000e+04
2.914700000000000000e+04
2.914800000000000000e+04
2.916900000000000000e+04
2.917100000000000000e+04
2.917300000000000000e+04
2.918500000000000000e+04
2.918600000000000000e+04
2.941400000000000000e+04
2.957600000000000000e+04
2.963000000000000000e+04
2.964800000000000000e+04
2.965900000000000000e+04
2.967100000000000000e+04
2.968200000000000000e+04
2.969200000000000000e+04
2.978600000000000000e+04
2.983400000000000000e+04
2.999600000000000000e+04
3.005000000000000000e+04
3.006800000000000000e+04
3.007900000000000000e+04
3.008400000000000000e+04
3.010200000000000000e+04
3.011200000000000000e+04
3.011400000000000000e+04
3.014400000000000000e+04
3.017200000000000000e+04
3.017400000000000000e+04
3.017500000000000000e+04
3.017800000000000000e+04
3.018200000000000000e+04
3.020500000000000000e+04
3.020600000000000000e+04
3.020900000000000000e+04
3.024700000000000000e+04
3.026000000000000000e+04
3.027800000000000000e+04
3.028900000000000000e+04
3.029400000000000000e+04
3.031200000000000000e+04
3.032400000000000000e+04
3.035400000000000000e+04
3.038200000000000000e+04
3.038400000000000000e+04
3.038500000000000000e+04
3.038800000000000000e+04
3.039200000000000000e+04
3.041600000000000000e+04
3.041900000000000000e+04
3.045700000000000000e+04
3.047000000000000000e+04
3.049900000000000000e+04
3.050400000000000000e+04
3.052200000000000000e+04
3.053200000000000000e+04
3.053400000000000000e+04
3.056400000000000000e+04
3.059200000000000000e+04
3.059400000000000000e+04
3.059500000000000000e+04
3.059800000000000000e+04
3.060200000000000000e+04
3.062600000000000000e+04
3.062900000000000000e+04
3.068800000000000000e+04
3.068900000000000000e+04
3.070400000000000000e+04
3.070800000000000000e+04
3.071800000000000000e+04
3.071900000000000000e+04
3.074800000000000000e+04
3.074900000000000000e+04
3.075000000000000000e+04
3.075100000000000000e+04
3.076600000000000000e+04
3.077100000000000000e+04
3.077200000000000000e+04
3.077300000000000000e+04
3.077400000000000000e+04
3.077500000000000000e+04
3.079900000000000000e+04
3.080300000000000000e+04
3.080700000000000000e+04
3.081900000000000000e+04
3.082000000000000000e+04
3.082100000000000000e+04
3.082300000000000000e+04
3.083400000000000000e+04
3.085600000000000000e+04
3.085800000000000000e+04
3.088000000000000000e+04
3.088500000000000000e+04
3.089000000000000000e+04
3.091900000000000000e+04
3.092900000000000000e+04
3.094000000000000000e+04
3.099100000000000000e+04
3.104600000000000000e+04
3.110800000000000000e+04
3.110900000000000000e+04
3.116800000000000000e+04
3.116900000000000000e+04
3.117000000000000000e+04
3.119100000000000000e+04
3.119200000000000000e+04
3.119300000000000000e+04
3.119400000000000000e+04
3.119500000000000000e+04
3.121900000000000000e+04
3.122300000000000000e+04
3.122700000000000000e+04
3.123900000000000000e+04
3.124100000000000000e+04
3.124300000000000000e+04
3.130000000000000000e+04
3.130500000000000000e+04
3.131000000000000000e+04
3.131800000000000000e+04
3.131900000000000000e+04
3.133400000000000000e+04
3.133900000000000000e+04
3.134900000000000000e+04
3.136000000000000000e+04
3.137800000000000000e+04
3.137900000000000000e+04
3.138100000000000000e+04
3.139900000000000000e+04
3.140100000000000000e+04
3.140200000000000000e+04
3.140300000000000000e+04
3.140400000000000000e+04
3.140500000000000000e+04
3.141100000000000000e+04
3.142900000000000000e+04
3.143300000000000000e+04
3.144900000000000000e+04
3.145000000000000000e+04
3.145100000000000000e+04
3.145300000000000000e+04
3.146400000000000000e+04
3.146600000000000000e+04
3.148800000000000000e+04
3.151000000000000000e+04
3.151500000000000000e+04
3.152000000000000000e+04
3.152800000000000000e+04
3.152900000000000000e+04
3.154400000000000000e+04
3.154900000000000000e+04
3.155900000000000000e+04
3.157000000000000000e+04
3.158800000000000000e+04
3.158900000000000000e+04
3.159000000000000000e+04
3.159100000000000000e+04
3.160900000000000000e+04
3.161100000000000000e+04
3.161200000000000000e+04
3.161300000000000000e+04
3.161400000000000000e+04
3.161500000000000000e+04
3.162100000000000000e+04
3.163900000000000000e+04
3.164300000000000000e+04
3.165900000000000000e+04
3.166000000000000000e+04
3.166100000000000000e+04
3.166300000000000000e+04
3.167400000000000000e+04
3.167600000000000000e+04
3.169600000000000000e+04
3.169800000000000000e+04
3.172000000000000000e+04
3.172500000000000000e+04
3.173000000000000000e+04
3.175900000000000000e+04
3.176900000000000000e+04
3.178000000000000000e+04
3.183100000000000000e+04
3.188600000000000000e+04
3.192200000000000000e+04
3.193000000000000000e+04
3.193500000000000000e+04
3.194000000000000000e+04
3.194800000000000000e+04
3.196900000000000000e+04
3.197600000000000000e+04
3.199100000000000000e+04
3.200800000000000000e+04
3.201000000000000000e+04
3.201100000000000000e+04
3.202500000000000000e+04
3.202900000000000000e+04
3.203000000000000000e+04
3.203100000000000000e+04
3.203200000000000000e+04
3.203300000000000000e+04
3.203500000000000000e+04
3.204100000000000000e+04
3.205900000000000000e+04
3.206300000000000000e+04
3.207900000000000000e+04
3.208100000000000000e+04
3.208300000000000000e+04
3.209400000000000000e+04
3.209600000000000000e+04
3.211600000000000000e+04
3.211800000000000000e+04
3.213000000000000000e+04
3.214000000000000000e+04
3.214500000000000000e+04
3.215000000000000000e+04
3.217900000000000000e+04
3.218900000000000000e+04
3.225100000000000000e+04
3.230600000000000000e+04
3.236800000000000000e+04
3.236900000000000000e+04
3.238400000000000000e+04
3.242800000000000000e+04
3.242900000000000000e+04
3.243000000000000000e+04
3.243100000000000000e+04
3.244900000000000000e+04
3.245100000000000000e+04
3.245200000000000000e+04
3.245300000000000000e+04
3.245400000000000000e+04
3.245500000000000000e+04
3.247900000000000000e+04
3.248300000000000000e+04
3.248700000000000000e+04
3.249900000000000000e+04
3.250000000000000000e+04
3.250300000000000000e+04
3.251400000000000000e+04
3.253600000000000000e+04
3.253800000000000000e+04
3.257800000000000000e+04
3.257900000000000000e+04
3.259400000000000000e+04
3.263800000000000000e+04
3.264000000000000000e+04
3.264100000000000000e+04
3.265900000000000000e+04
3.266100000000000000e+04
3.266200000000000000e+04
3.266300000000000000e+04
3.266400000000000000e+04
3.266500000000000000e+04
3.268900000000000000e+04
3.269700000000000000e+04
3.270900000000000000e+04
3.271000000000000000e+04
3.271100000000000000e+04
3.271300000000000000e+04
3.272400000000000000e+04
3.274600000000000000e+04
3.274800000000000000e+04
3.276200000000000000e+04
3.277500000000000000e+04
3.278000000000000000e+04
3.278900000000000000e+04
3.280900000000000000e+04
3.283000000000000000e+04
3.286900000000000000e+04
3.287000000000000000e+04
3.287100000000000000e+04
3.287200000000000000e+04
3.287300000000000000e+04
3.287400000000000000e+04
3.287500000000000000e+04
3.288100000000000000e+04
3.289900000000000000e+04
3.290300000000000000e+04
3.290700000000000000e+04
3.291300000000000000e+04
3.291900000000000000e+04
3.292300000000000000e+04
3.293600000000000000e+04
3.295800000000000000e+04
3.298000000000000000e+04
3.298500000000000000e+04
3.299000000000000000e+04
3.301900000000000000e+04
3.302900000000000000e+04
3.304000000000000000e+04
3.306400000000000000e+04
3.314600000000000000e+04
3.319000000000000000e+04
3.319500000000000000e+04
3.320000000000000000e+04
3.322900000000000000e+04
3.323900000000000000e+04
3.325000000000000000e+04
3.327400000000000000e+04
3.330100000000000000e+04
3.335600000000000000e+04
3.340000000000000000e+04
3.341000000000000000e+04
3.344900000000000000e+04
3.346000000000000000e+04
3.348400000000000000e+04
3.351100000000000000e+04
3.361000000000000000e+04
3.361500000000000000e+04
3.362000000000000000e+04
3.364900000000000000e+04
3.365900000000000000e+04
3.367000000000000000e+04
3.369400000000000000e+04
3.372100000000000000e+04
3.377600000000000000e+04
3.381200000000000000e+04
3.402200000000000000e+04
3.402800000000000000e+04
3.405100000000000000e+04
3.405600000000000000e+04
3.409700000000000000e+04
3.417100000000000000e+04
3.419000000000000000e+04
3.420300000000000000e+04
3.422200000000000000e+04
3.423200000000000000e+04
3.426100000000000000e+04
3.443200000000000000e+04
3.444200000000000000e+04
3.444800000000000000e+04
3.447600000000000000e+04
3.461700000000000000e+04
3.461800000000000000e+04
3.463200000000000000e+04
3.465100000000000000e+04
3.487400000000000000e+04
3.488200000000000000e+04
3.489400000000000000e+04
3.501500000000000000e+04
3.516400000000000000e+04
3.529600000000000000e+04
3.531800000000000000e+04
3.532900000000000000e+04
3.534100000000000000e+04
3.535900000000000000e+04
3.536100000000000000e+04
3.536200000000000000e+04
3.536400000000000000e+04
3.542400000000000000e+04
3.546500000000000000e+04
3.548300000000000000e+04
3.551000000000000000e+04
3.552800000000000000e+04
3.553900000000000000e+04
3.555100000000000000e+04
3.556200000000000000e+04
3.557400000000000000e+04
3.563400000000000000e+04
3.566600000000000000e+04
3.571600000000000000e+04
3.572000000000000000e+04
3.572600000000000000e+04
3.573800000000000000e+04
3.574900000000000000e+04
3.576100000000000000e+04
3.577200000000000000e+04
3.577900000000000000e+04
3.578000000000000000e+04
3.578100000000000000e+04
3.578200000000000000e+04
3.578300000000000000e+04
3.578400000000000000e+04
3.579300000000000000e+04
3.583500000000000000e+04
3.584400000000000000e+04
3.585700000000000000e+04
3.587600000000000000e+04
3.588500000000000000e+04
3.589400000000000000e+04
3.592600000000000000e+04
3.593000000000000000e+04
3.593600000000000000e+04
3.594800000000000000e+04
3.595900000000000000e+04
3.597100000000000000e+04
3.598200000000000000e+04
3.598900000000000000e+04
3.599100000000000000e+04
3.599200000000000000e+04
3.599400000000000000e+04
3.605400000000000000e+04
3.608600000000000000e+04
3.609500000000000000e+04
3.614000000000000000e+04
3.615800000000000000e+04
3.616900000000000000e+04
3.619200000000000000e+04
3.620200000000000000e+04
3.620400000000000000e+04
3.626400000000000000e+04
3.629600000000000000e+04
3.632300000000000000e+04
3.635000000000000000e+04
3.635600000000000000e+04
3.636800000000000000e+04
3.636900000000000000e+04
3.637900000000000000e+04
3.639100000000000000e+04
3.640200000000000000e+04
3.640900000000000000e+04
3.641000000000000000e+04
3.641100000000000000e+04
3.641200000000000000e+04
3.641400000000000000e+04
3.650600000000000000e+04
3.651500000000000000e+04
3.652400000000000000e+04
3.655600000000000000e+04
3.656000000000000000e+04
3.656600000000000000e+04
3.657800000000000000e+04
3.660100000000000000e+04
3.661200000000000000e+04
3.661900000000000000e+04
3.662000000000000000e+04
3.662100000000000000e+04
3.662200000000000000e+04
3.662300000000000000e+04
3.662400000000000000e+04
3.668400000000000000e+04
3.671600000000000000e+04
3.672500000000000000e+04
3.673400000000000000e+04
3.677000000000000000e+04
3.677600000000000000e+04
3.678800000000000000e+04
3.681100000000000000e+04
3.682200000000000000e+04
3.683200000000000000e+04
3.683400000000000000e+04
3.684300000000000000e+04
3.688500000000000000e+04
3.689400000000000000e+04
3.692600000000000000e+04
3.698000000000000000e+04
3.699800000000000000e+04
3.700900000000000000e+04
3.702100000000000000e+04
3.703200000000000000e+04
3.704200000000000000e+04
3.705300000000000000e+04
3.713600000000000000e+04
3.719000000000000000e+04
3.719600000000000000e+04
3.720800000000000000e+04
3.720900000000000000e+04
3.721900000000000000e+04
3.723100000000000000e+04
3.725200000000000000e+04
3.725400000000000000e+04
3.731400000000000000e+04
3.734600000000000000e+04
3.741800000000000000e+04
3.742900000000000000e+04
3.744100000000000000e+04
3.745200000000000000e+04
3.746200000000000000e+04
3.746400000000000000e+04
3.752400000000000000e+04
3.755600000000000000e+04
3.761000000000000000e+04
3.762800000000000000e+04
3.763900000000000000e+04
3.766200000000000000e+04
3.767200000000000000e+04
3.767400000000000000e+04
3.773400000000000000e+04
3.776600000000000000e+04
3.782000000000000000e+04
3.782600000000000000e+04
3.783800000000000000e+04
3.783900000000000000e+04
3.784900000000000000e+04
3.786100000000000000e+04
3.787200000000000000e+04
3.788400000000000000e+04
3.789300000000000000e+04
3.793500000000000000e+04
3.797600000000000000e+04
3.802400000000000000e+04
3.818600000000000000e+04
3.837800000000000000e+04
3.844400000000000000e+04
3.852300000000000000e+04
3.860600000000000000e+04
3.865400000000000000e+04
3.873100000000000000e+04
3.881400000000000000e+04
3.881600000000000000e+04
3.886400000000000000e+04
3.902600000000000000e+04
3.907400000000000000e+04
3.908900000000000000e+04
3.915000000000000000e+04
3.915100000000000000e+04
3.916900000000000000e+04
3.917100000000000000e+04
3.917200000000000000e+04
3.917300000000000000e+04
3.917400000000000000e+04
3.919900000000000000e+04
3.920300000000000000e+04
3.920700000000000000e+04
3.921900000000000000e+04
3.923400000000000000e+04
3.923600000000000000e+04
3.925800000000000000e+04
3.929000000000000000e+04
3.929600000000000000e+04
3.930800000000000000e+04
3.931600000000000000e+04
3.931900000000000000e+04
3.932900000000000000e+04
3.933000000000000000e+04
3.933100000000000000e+04
3.934200000000000000e+04
3.935200000000000000e+04
3.935400000000000000e+04
3.941400000000000000e+04
3.944600000000000000e+04
3.945400000000000000e+04
3.947300000000000000e+04
3.950000000000000000e+04
3.950600000000000000e+04
3.951800000000000000e+04
3.952900000000000000e+04
3.953900000000000000e+04
3.954000000000000000e+04
3.954100000000000000e+04
3.955200000000000000e+04
3.956200000000000000e+04
3.956400000000000000e+04
3.957400000000000000e+04
3.962400000000000000e+04
3.965600000000000000e+04
3.966400000000000000e+04
3.968300000000000000e+04
3.971000000000000000e+04
3.971600000000000000e+04
3.972500000000000000e+04
3.972800000000000000e+04
3.973900000000000000e+04
3.974900000000000000e+04
3.975000000000000000e+04
3.976200000000000000e+04
3.977200000000000000e+04
3.977400000000000000e+04
3.978400000000000000e+04
3.979600000000000000e+04
3.983400000000000000e+04
3.986600000000000000e+04
3.987400000000000000e+04
3.989300000000000000e+04
3.990400000000000000e+04
3.994700000000000000e+04
3.995300000000000000e+04
3.997800000000000000e+04
4.006400000000000000e+04
4.006600000000000000e+04
4.006700000000000000e+04
4.006800000000000000e+04
4.008900000000000000e+04
4.009100000000000000e+04
4.009300000000000000e+04
4.010500000000000000e+04
4.010600000000000000e+04
4.012400000000000000e+04
4.028600000000000000e+04
4.035800000000000000e+04
4.036900000000000000e+04
4.038100000000000000e+04
4.040200000000000000e+04
4.040400000000000000e+04
4.046400000000000000e+04
4.049600000000000000e+04
4.054400000000000000e+04
4.062300000000000000e+04
4.070600000000000000e+04
4.079400000000000000e+04
4.096400000000000000e+04
4.103500000000000000e+04
4.112600000000000000e+04
4.117200000000000000e+04
4.120000000000000000e+04
4.121000000000000000e+04
4.124600000000000000e+04
4.126000000000000000e+04
4.126100000000000000e+04
4.126800000000000000e+04
4.131800000000000000e+04
4.139000000000000000e+04
4.140800000000000000e+04
4.141900000000000000e+04
4.144200000000000000e+04
4.145200000000000000e+04
4.145400000000000000e+04
4.151400000000000000e+04
4.154600000000000000e+04
4.159400000000000000e+04
4.175600000000000000e+04
4.180000000000000000e+04
4.180500000000000000e+04
4.181000000000000000e+04
4.183900000000000000e+04
4.184900000000000000e+04
4.186000000000000000e+04
4.188400000000000000e+04
4.191100000000000000e+04
4.196600000000000000e+04
4.201400000000000000e+04
4.217200000000000000e+04
4.217300000000000000e+04
4.217600000000000000e+04
4.220600000000000000e+04
4.223000000000000000e+04
4.224800000000000000e+04
4.224900000000000000e+04
4.225900000000000000e+04
4.228200000000000000e+04
4.229200000000000000e+04
4.229400000000000000e+04
4.235400000000000000e+04
4.238600000000000000e+04
4.243400000000000000e+04
4.251100000000000000e+04
4.251300000000000000e+04
4.259400000000000000e+04
4.259600000000000000e+04
4.264400000000000000e+04
4.280600000000000000e+04
