14 10
3 52
3 1
15 45
16 5
8 45
22 46
15 40
25 45
17 0
3 29
4 30
7 29
6 1
20 12
3 44
19 7
6 24
6 13
12 20
4 48
0 40
24 52
13 13
8 14
6 40
23 10
12 12
25 42
17 7
13 44
1 41
14 23
1 3
17 24
5 33
18 37
2 18
14 45
25 35
18 27
14 9
17 3
11 26
24 11
10 3
13 23
25 27
25 46
3 35
14 21
22 48
23 36
4 5
16 9
2 37
1 5
9 15
2 10
4 3
16 3
23 27
23 34
5 49
23 21
25 17
2 45
10 8
21 32
3 51
1 7
6 35
1 39
18 28
6 5
9 40
9 4
23 40
21 25
18 36
12 28
3 19
17 39
12 40
21 14
21 16
16 46
24 15
17 16
14 46
