0 5
1 1
1 2
1 6
1 19
1 24
1 26
1 33
1 35
1 37
1 40
1 44
1 46
1 50
1 51
1 52
2 6
2 26
2 44
2 50
2 52
3 26
4 26
5 26
6 4
6 14
6 27
6 47
7 53
8 19
8 22
8 27
8 28
8 38
8 39
8 41
9 21
9 27
9 42
10 1
10 10
10 27
10 31
10 35
10 36
10 37
10 45
10 46
10 51
11 15
12 29
12 30
13 5
13 18
13 20
13 43
14 18
14 43
15 5
15 18
15 43
16 0
16 48
17 5
17 43
19 5
19 18
19 43
20 5
21 5
21 18
21 43
22 7
22 11
22 12
22 16
22 34
23 8
23 32
24 23
25 9
