7.670000000000000000e+02
1.640000000000000000e+02
8.560000000000000000e+02
8.700000000000000000e+02
4.780000000000000000e+02
1.235000000000000000e+03
8.510000000000000000e+02
1.396000000000000000e+03
9.190000000000000000e+02
1.920000000000000000e+02
2.470000000000000000e+02
4.080000000000000000e+02
3.260000000000000000e+02
2.070000000000000000e+02
3.490000000000000000e+02
3.380000000000000000e+02
6.690000000000000000e+02
2.650000000000000000e+02
4.100000000000000000e+01
1.349000000000000000e+03
7.160000000000000000e+02
4.470000000000000000e+02
3.650000000000000000e+02
1.253000000000000000e+03
6.610000000000000000e+02
1.393000000000000000e+03
9.260000000000000000e+02
7.470000000000000000e+02
9.600000000000000000e+01
7.800000000000000000e+02
5.800000000000000000e+01
9.430000000000000000e+02
3.040000000000000000e+02
1.010000000000000000e+03
8.020000000000000000e+02
1.386000000000000000e+03
1.000000000000000000e+03
7.660000000000000000e+02
9.220000000000000000e+02
6.210000000000000000e+02
1.308000000000000000e+03
5.440000000000000000e+02
7.260000000000000000e+02
1.378000000000000000e+03
1.397000000000000000e+03
1.980000000000000000e+02
7.780000000000000000e+02
1.237000000000000000e+03
1.279000000000000000e+03
2.220000000000000000e+02
8.740000000000000000e+02
1.460000000000000000e+02
6.000000000000000000e+01
5.020000000000000000e+02
1.190000000000000000e+02
8.680000000000000000e+02
1.270000000000000000e+03
1.277000000000000000e+03
3.200000000000000000e+02
1.264000000000000000e+03
1.368000000000000000e+03
1.540000000000000000e+02
5.490000000000000000e+02
1.167000000000000000e+03
2.140000000000000000e+02
6.200000000000000000e+01
9.400000000000000000e+01
1.001000000000000000e+03
3.300000000000000000e+02
5.270000000000000000e+02
4.910000000000000000e+02
1.283000000000000000e+03
1.160000000000000000e+03
1.009000000000000000e+03
9.580000000000000000e+02
6.890000000000000000e+02
1.151000000000000000e+03
9.110000000000000000e+02
1.312000000000000000e+03
9.350000000000000000e+02
8.030000000000000000e+02
