6.000000000000000000e+00
5.600000000000000000e+01
6.100000000000000000e+01
7.200000000000000000e+01
7.400000000000000000e+01
7.900000000000000000e+01
8.100000000000000000e+01
8.800000000000000000e+01
9.000000000000000000e+01
9.200000000000000000e+01
9.500000000000000000e+01
9.900000000000000000e+01
1.010000000000000000e+02
1.050000000000000000e+02
1.060000000000000000e+02
1.070000000000000000e+02
1.150000000000000000e+02
1.350000000000000000e+02
1.530000000000000000e+02
1.590000000000000000e+02
1.610000000000000000e+02
1.890000000000000000e+02
2.430000000000000000e+02
2.970000000000000000e+02
3.290000000000000000e+02
3.390000000000000000e+02
3.520000000000000000e+02
3.720000000000000000e+02
3.740000000000000000e+02
4.320000000000000000e+02
4.360000000000000000e+02
4.520000000000000000e+02
4.550000000000000000e+02
4.600000000000000000e+02
4.610000000000000000e+02
4.720000000000000000e+02
4.740000000000000000e+02
5.140000000000000000e+02
5.290000000000000000e+02
5.420000000000000000e+02
5.510000000000000000e+02
5.680000000000000000e+02
5.720000000000000000e+02
5.760000000000000000e+02
5.770000000000000000e+02
5.780000000000000000e+02
5.870000000000000000e+02
5.920000000000000000e+02
6.100000000000000000e+02
6.200000000000000000e+02
6.780000000000000000e+02
7.080000000000000000e+02
7.210000000000000000e+02
7.230000000000000000e+02
7.460000000000000000e+02
7.620000000000000000e+02
7.750000000000000000e+02
8.000000000000000000e+02
8.160000000000000000e+02
8.290000000000000000e+02
8.540000000000000000e+02
8.650000000000000000e+02
9.620000000000000000e+02
9.780000000000000000e+02
1.032000000000000000e+03
1.045000000000000000e+03
1.070000000000000000e+03
1.086000000000000000e+03
1.099000000000000000e+03
1.124000000000000000e+03
1.140000000000000000e+03
1.178000000000000000e+03
1.196000000000000000e+03
1.200000000000000000e+03
1.201000000000000000e+03
1.205000000000000000e+03
1.223000000000000000e+03
1.251000000000000000e+03
1.256000000000000000e+03
1.275000000000000000e+03
1.320000000000000000e+03
