35 20
47 13
16 5
40 13
22 14
15 8
25 13
49 0
19 4
30 7
29 6
1 20
12 3
44 19
7 6
24 6
13 12
20 4
48 0
40 24
52 13
13 8
1 6
40 23
10 12
12 25
42 17
7 13
41 14
23 1
3 17
24 14
23 5
33 18
37 2
45 25
35 18
27 14
9 17
3 11
26 24
11 10
3 13
23 25
27 25
46 3
35 14
21 22
48 24
23 23
36 4
5 16
9 2
5 9
15 2
10 4
3 16
3 23
27 23
34 5
49 23
21 25
17 2
8 21
32 25
35 3
39 18
28 6
40 9
4 23
40 21
25 18
36 12
28 3
19 17
39 12
14 14
23 21
16 16
46 24
15 17
16 14
46 20
26 21
4 21
32 7
1 2
42 18
39 7
35 6
