0 16
1 1
1 10
2 1
4 6
5 0
5 13
5 14
5 15
5 17
5 18
5 19
5 20
5 21
6 1
6 2
7 22
8 23
9 25
10 10
11 22
12 22
13 23
14 6
15 11
16 22
17 1
18 13
18 15
18 20
18 21
19 1
19 8
20 13
21 9
22 8
23 24
24 1
25 11
26 1
26 2
26 3
26 4
26 5
27 6
27 8
27 9
27 10
28 8
29 12
31 10
32 23
33 1
34 22
35 1
35 10
37 1
37 10
38 8
39 8
40 1
41 8
42 9
43 13
43 14
43 17
43 19
43 20
43 21
45 10
46 1
46 10
47 6
48 16
49 6
50 1
50 2
51 1
52 1
52 2
53 7
